time,Open,High,Low,close,volumeto,Market Cap
2015-04-21,53.0,65.02,44.93,55.52,3753,
2015-04-22,55.6,68.96,51.74,55.03,4394,
2015-04-23,55.0,95.48,51.96,94.49,13160,
2015-04-24,94.3,94.44,49.69,54.14,5332,
2015-04-25,54.13,64.71,52.38,64.31,6267,
2015-04-26,64.32,96.31,52.03,81.77,1808,
2015-04-27,81.77,96.75,81.53,85.74,2559,87109
2015-04-28,85.62,91.94,81.86,91.83,3522,93295
2015-04-29,91.72,99.53,86.03,97.99,3121,99557
2015-04-30,97.94,102.5,89.42,101.25,2237,102865
2015-05-01,101.16,142.36,94.06,136.83,1192,139016
2015-05-02,136.98,153.79,119.88,153.63,1715,156093
2015-05-03,153.6,303.5,120.46,176.99,3029,179827
2015-05-04,176.99,189.79,103.44,133.33,2700,135464
2015-05-05,133.29,183.34,129.28,172.15,4611,174902
2015-05-06,172.25,174.21,112.44,139.64,7108,141870
2015-05-07,139.56,168.64,106.05,166.56,20287,169228
2015-05-08,165.14,168.8,147.03,166.86,15125,169531
2015-05-09,166.7,166.81,140.34,144.88,4904,147198
2015-05-10,144.82,149.22,130.69,148.43,5178,150803
2015-05-11,148.43,149.19,119.77,119.89,5838,121804
2015-05-12,119.88,160.53,119.86,152.13,4005,154566
2015-05-13,152.31,156.9,127.46,137.22,5086,139419
2015-05-14,137.13,140.74,115.82,140.74,2643,142996
2015-05-15,140.76,141.55,105.25,111.69,5320,113473
2015-05-16,111.71,124.34,102.33,109.34,3321,111089
2015-05-17,109.34,122.26,100.91,109.35,3200,111100
2015-05-18,109.39,119.0,98.71,107.51,3570,109235
2015-05-19,107.47,114.04,105.48,110.69,3308,112457
2015-05-20,102.95,117.92,87.04,115.94,3728,117791
2015-05-21,115.93,116.13,98.09,110.9,1590,112673
2015-05-22,110.89,111.37,99.24,102.82,1900,104470
2015-05-23,102.8,116.15,100.92,115.94,2568,117793
2015-05-24,115.99,141.16,115.9,126.04,1080,128062
2015-05-25,126.03,143.58,125.44,136.55,921,138736
2015-05-26,136.56,144.72,99.81,116.48,1059,118345
2015-05-27,116.46,130.14,114.78,116.41,1298,118273
2015-05-28,116.4,118.22,102.97,104.74,444,106418
2015-05-29,104.73,115.62,104.35,115.56,752,117409
2015-05-30,115.56,117.2,108.47,112.6,659,114399
2015-05-31,112.5,112.55,107.53,107.86,1330,109584
2015-06-01,107.88,111.11,104.56,108.78,763,110517
2015-06-02,108.76,108.88,100.83,101.21,736,102826
2015-06-03,101.18,110.81,101.18,108.38,1105,110111
2015-06-04,108.38,111.62,102.82,104.93,906,106605
2015-06-05,104.85,109.47,97.13,101.88,522,103512
2015-06-06,101.91,112.09,98.71,99.15,623,100741
2015-06-07,99.14,106.65,96.34,100.71,577,102320
2015-06-08,100.71,110.81,98.81,110.19,714,111951
2015-06-09,110.21,111.11,95.33,110.13,1311,111893
2015-06-10,110.11,114.23,107.51,107.53,0,109255
2015-06-11,107.56,112.55,105.25,110.07,1051,111828
2015-06-12,110.07,137.99,103.5,103.5,266,105151
2015-06-13,103.47,132.36,103.15,111.36,568,113142
2015-06-14,111.38,119.95,106.0,119.95,1088,121865
2015-06-15,119.88,123.67,113.97,113.97,646,115799
2015-06-16,113.95,130.23,113.64,130.23,241,132313
2015-06-17,130.19,131.08,113.11,126.59,309,128614
2015-06-18,126.66,126.66,109.0,123.31,1622,125283
2015-06-19,123.33,125.8,114.37,119.02,1249,120920
2015-06-20,118.98,125.59,102.99,114.64,2623,116476
2015-06-21,114.59,121.89,106.78,109.06,600,110808
2015-06-22,109.07,121.6,109.04,121.14,775,123083
2015-06-23,121.11,121.3,113.14,119.36,315,121266
2015-06-24,119.35,119.56,117.85,117.85,707,119738
2015-06-25,117.78,121.72,117.78,121.69,2124,123641
2015-06-26,121.6,143.12,120.82,143.08,1281,145372
2015-06-27,143.06,163.35,137.34,148.53,945,150909
2015-06-28,148.51,166.46,145.58,166.1,1236,168757
2015-06-29,165.91,170.23,146.22,155.81,918,158300
2015-06-30,155.79,177.24,155.13,174.22,1166,177012
2015-07-01,174.4,175.62,167.6,171.8,996,174549
2015-07-02,171.75,181.9,171.45,175.94,1779,178757
2015-07-03,175.97,183.77,168.01,170.31,954,173032
2015-07-04,170.41,182.85,168.89,175.41,667,178222
2015-07-05,175.3,184.96,159.41,169.76,673,172481
2015-07-06,169.26,185.44,152.38,177.13,613,179962
2015-07-07,177.74,178.65,149.82,171.69,341,174436
2015-07-08,171.54,183.89,136.58,138.66,1187,140882
2015-07-09,138.68,165.95,136.77,151.27,896,153689
2015-07-10,151.23,152.12,127.65,136.86,5050,139053
2015-07-11,136.86,151.36,136.2,142.49,1641,144766
2015-07-12,142.49,147.07,132.29,137.46,1852,139655
2015-07-13,137.44,174.53,127.03,130.64,3944,132731
2015-07-14,130.63,166.21,123.61,162.45,16117,165047
2015-07-15,162.62,164.04,124.95,125.15,4162,127151
2015-07-16,125.24,128.18,115.72,116.82,1068,118688
2015-07-17,116.82,128.9,114.3,128.38,1753,130430
2015-07-18,128.31,129.97,117.31,120.05,1818,121968
2015-07-19,119.99,126.42,114.9,125.82,841,127837
2015-07-20,125.77,125.85,117.86,118.73,1530,120634
2015-07-21,118.69,148.65,117.16,128.61,458,130666
2015-07-22,128.61,131.99,124.85,125.92,1015,127938
2015-07-23,125.98,127.39,121.2,126.09,1063,128104
2015-07-24,126.07,136.07,125.72,131.02,918,133112
2015-07-25,130.91,135.21,125.78,127.66,827,129707
2015-07-26,127.66,144.81,121.24,144.81,296,147129
2015-07-27,144.79,145.79,122.43,125.78,749,127791
2015-07-28,125.78,136.95,125.0,134.81,674,136971
2015-07-29,134.85,139.43,123.53,137.15,419,139341
2015-07-30,137.15,144.01,119.03,125.38,1391,127385
2015-07-31,125.37,141.17,122.98,138.12,901,140329
2015-08-01,138.14,138.26,124.77,135.77,1138,137939
2015-08-02,135.01,139.73,131.32,131.8,390,133908
2015-08-03,131.79,131.82,118.59,128.48,1035,130533
2015-08-04,128.48,137.47,126.18,130.95,50,133045
2015-08-05,130.91,146.08,129.48,139.32,79,141544
2015-08-06,139.32,139.33,131.71,131.81,447,133917
2015-08-07,131.77,131.93,118.42,118.63,410,120524
2015-08-08,118.69,133.39,117.96,129.61,252,131688
2015-08-09,129.79,130.7,108.81,109.9,113,111663
2015-08-10,109.9,130.28,109.48,126.85,229,128879
2015-08-11,126.82,132.37,117.19,118.04,250,119925
2015-08-12,118.04,138.18,106.58,125.06,185,127060
2015-08-13,125.06,125.06,119.42,120.79,255,122720
2015-08-14,120.81,131.59,119.6,129.12,268,131182
2015-08-15,129.04,130.94,127.32,128.23,158,130280
2015-08-16,128.38,128.99,123.51,125.51,263,127517
2015-08-17,125.5,126.94,123.86,124.21,281,126194
2015-08-18,124.19,124.23,99.4,99.4,164,100989
2015-08-19,106.27,114.25,105.62,113.58,888,115400
2015-08-20,113.58,130.31,110.55,111.82,100,113612
2015-08-21,111.79,114.83,110.59,111.01,681,112791
2015-08-22,111.01,127.37,108.01,126.54,193,128560
2015-08-23,126.48,127.74,121.29,122.97,190,124940
2015-08-24,122.94,127.43,117.79,121.22,1345,123163
2015-08-25,120.98,133.53,114.93,130.75,65,132841
2015-08-26,131.02,155.92,118.1,148.12,547,150490
2015-08-27,148.26,159.3,147.57,157.19,277,159705
2015-08-28,157.34,160.61,130.94,136.97,284,139159
2015-08-29,136.97,151.13,136.77,150.62,338,153026
2015-08-30,150.61,161.4,137.35,160.96,349,163534
2015-08-31,161.16,182.4,138.84,181.66,436,184567
2015-09-01,181.56,182.46,139.86,150.38,874,152782
2015-09-02,150.31,150.71,128.5,130.96,1363,133059
2015-09-03,130.99,132.77,127.31,132.77,274,134897
2015-09-04,132.77,147.82,127.67,147.43,1806,149794
2015-09-05,147.37,153.56,138.21,150.59,1401,152997
2015-09-06,150.57,156.43,144.17,144.33,2986,146640
2015-09-07,144.33,156.03,143.08,150.5,1180,152909
2015-09-08,150.5,155.67,150.43,154.67,521,157149
2015-09-09,154.67,157.2,136.05,148.38,855,150757
2015-09-10,148.42,155.69,138.01,155.43,92,157922
2015-09-11,155.36,156.82,137.51,154.43,22,156898
2015-09-12,154.39,154.4,129.37,138.04,776,140252
2015-09-13,138.07,147.78,129.38,130.01,551,132094
2015-09-14,129.85,136.94,128.41,134.66,96,136812
2015-09-15,134.65,148.93,129.82,133.62,133,135759
2015-09-16,133.58,141.51,129.51,129.57,1372,131639
2015-09-17,129.58,133.29,129.38,133.29,339,135423
2015-09-18,133.29,161.58,131.95,132.14,584,134251
2015-09-19,132.11,134.12,130.1,134.01,226,136152
2015-09-20,134.01,141.31,130.27,136.53,3206,138718
2015-09-21,136.57,142.84,135.06,138.44,10595,140656
2015-09-22,138.56,141.8,133.32,133.75,136,135887
2015-09-23,133.77,140.71,133.38,136.01,223,138182
2015-09-24,136.0,141.47,134.09,140.8,4755,143057
2015-09-25,140.8,142.35,138.5,138.8,3806,141017
2015-09-26,138.76,141.19,137.71,141.04,3785,143299
2015-09-27,141.01,141.13,137.37,140.06,5789,142298
2015-09-28,140.06,146.0,139.88,145.88,5096,148211
2015-09-29,145.88,146.27,139.59,139.59,1868,141821
2015-09-30,139.67,140.28,139.04,139.66,1853,141898
2015-10-01,143.22,147.95,141.62,142.61,7428,144892
2015-10-02,142.44,148.72,138.07,144.76,6854,147081
2015-10-03,144.75,145.88,138.34,138.5,139,140717
2015-10-04,138.46,147.94,131.01,141.94,5234,144207
2015-10-05,141.97,147.52,131.91,146.47,2976,148818
2015-10-06,146.56,146.93,132.65,134.09,1669,136240
2015-10-07,134.1,144.98,133.04,133.2,150,135333
2015-10-08,133.25,144.86,130.23,136.17,7946,138351
2015-10-09,136.17,141.79,132.18,137.98,1814,140185
2015-10-10,137.96,144.35,135.58,141.38,1030,143644
2015-10-11,141.41,143.29,133.7,136.89,2412,139082
2015-10-12,136.85,143.98,125.34,142.1,2597,144378
2015-10-13,142.1,142.43,129.38,135.38,104,137545
2015-10-14,135.48,136.74,126.64,136.12,539,138300
2015-10-15,136.07,146.13,133.53,133.98,4618,136122
2015-10-16,133.95,151.08,128.61,136.06,1807,138238
2015-10-17,136.2,139.83,126.97,132.22,1525,134335
2015-10-18,132.0,136.64,114.55,128.72,2542,130779
2015-10-19,128.7,149.32,112.63,134.61,2635,136761
2015-10-20,134.59,142.22,127.97,128.75,276,130810
2015-10-21,128.75,144.72,107.92,126.96,2024,128991
2015-10-22,126.94,130.26,108.65,125.78,1094,127787
2015-10-23,125.84,137.75,112.17,127.35,969,129386
2015-10-24,127.34,127.52,107.05,109.86,239,111623
2015-10-25,109.85,111.93,81.35,87.87,2776,89281
2015-10-26,88.05,101.75,70.69,96.95,1001,98501
2015-10-27,96.95,107.77,90.7,97.32,798,98880
2015-10-28,97.34,97.44,82.07,83.04,271,84366
2015-10-29,82.97,124.29,79.05,118.49,1207,120385
2015-10-30,118.54,136.8,98.62,110.26,788,112026
2015-10-31,110.26,152.03,106.23,107.58,189,109298
2015-11-01,107.91,128.78,82.62,128.24,761,130288
2015-11-02,128.44,147.89,105.93,115.46,1550,117303
2015-11-03,115.64,163.14,114.5,162.54,747,165141
2015-11-04,163.46,180.18,111.98,120.32,579,122248
2015-11-05,120.08,131.44,99.09,119.99,788,121910
2015-11-06,119.59,132.76,88.91,90.63,94,92078
2015-11-07,90.73,150.32,90.28,124.12,621,126103
2015-11-08,123.97,179.13,30.6,112.4,323,114201
2015-11-09,113.01,142.37,106.58,123.61,209,125589
2015-11-10,123.61,167.12,70.59,77.77,136,79014
2015-11-11,77.81,139.17,69.49,93.77,262,95271
2015-11-12,93.8,127.08,93.8,127.08,24,129118
2015-11-13,126.95,127.86,94.89,112.81,267,114616
2015-11-14,112.81,113.29,97.68,98.17,0,99741
2015-11-15,98.25,109.81,97.95,104.56,370,106228
2015-11-16,104.39,105.0,94.58,97.56,11,99120
2015-11-17,97.57,101.49,80.71,100.93,23,102541
2015-11-18,100.79,101.36,99.6,100.79,73,102405
2015-11-19,100.79,101.01,84.57,84.77,8,86130
2015-11-20,84.8,84.88,81.53,83.67,0,85006
2015-11-21,83.33,104.73,83.1,100.11,0,101717
2015-11-22,100.21,114.47,96.5,114.23,370,116058
2015-11-23,114.34,135.94,113.2,135.32,188,137489
2015-11-24,135.32,135.33,95.75,107.89,611,109621
2015-11-25,107.89,136.38,99.72,100.04,271,101638
2015-11-26,100.01,111.38,92.57,95.22,3,96748
2015-11-27,95.0,97.42,92.26,96.77,0,98323
2015-11-28,96.43,148.29,95.09,148.29,379,150659
2015-11-29,148.48,153.05,147.76,152.99,130,155440
2015-11-30,114.15,165.18,112.84,126.77,438,128796
2015-12-01,126.77,156.81,98.46,147.18,175,149533
2015-12-02,147.22,156.02,141.93,155.4,18,157889
2015-12-03,100.85,101.28,100.85,101.11,1,102733
2015-12-04,101.09,138.1,99.61,138.01,119,140218
2015-12-05,138.01,149.3,126.41,145.46,845,147787
2015-12-06,145.49,150.86,144.56,148.38,134,150753
2015-12-07,147.3,163.1,145.89,147.34,218,149697
2015-12-08,147.28,150.6,38.29,137.52,456,139723
2015-12-09,138.34,153.61,124.49,137.32,301,139522
2015-12-10,137.43,142.34,115.36,128.31,814,130365
2015-12-11,128.27,148.86,128.27,148.72,43,151104
2015-12-12,149.14,154.39,135.75,143.55,0,145846
2015-12-13,143.55,145.52,140.67,144.94,0,147262
2015-12-14,132.16,133.1,128.38,129.27,296,131340
2015-12-15,129.27,151.29,129.18,151.29,883,153710
2015-12-16,151.25,151.25,144.31,147.19,344,149541
2015-12-17,147.19,150.4,144.26,146.29,318,148636
2015-12-18,146.22,152.61,136.98,152.55,1,154988
2015-12-19,152.53,153.2,137.79,138.12,815,140329
2015-12-20,138.18,151.92,136.99,145.54,1,147866
2015-12-21,128.24,142.74,123.78,128.9,705,130967
2015-12-22,128.93,143.77,126.17,134.25,111,136398
2015-12-23,134.08,144.61,134.05,141.25,4,143509
2015-12-24,141.34,145.92,117.3,134.01,68,136155
2015-12-25,133.98,148.0,114.31,131.66,452,133765
2015-12-26,131.69,147.19,131.66,136.64,306,138829
2015-12-27,136.45,137.38,117.37,126.03,76,128051
2015-12-28,126.21,128.29,124.92,126.07,136,128087
2015-12-29,126.05,140.73,118.85,140.73,686,142978
2015-12-30,140.93,141.39,120.98,138.51,167,140721
2015-12-31,138.59,138.59,108.66,108.81,130,110548
2016-01-01,108.82,140.64,108.26,109.77,22,111522
2016-01-02,109.77,141.92,108.93,111.1,441,112876
2016-01-03,111.13,130.26,109.54,123.78,67,125760
2016-01-04,123.79,124.35,110.97,111.02,30,112793
2016-01-05,116.93,140.81,116.01,124.45,155,126439
2016-01-06,124.45,124.45,115.63,123.95,64,125937
2016-01-07,123.89,132.18,123.62,131.97,22,134081
2016-01-08,131.82,133.16,129.06,130.58,18,132670
2016-01-09,130.63,130.99,120.68,120.85,7,122784
2016-01-10,121.02,121.04,111.08,114.61,146,116445
2016-01-11,114.87,115.37,113.65,114.82,11,116660
2016-01-12,114.09,120.78,111.02,111.02,65,112799
2016-01-13,110.06,112.37,107.21,111.98,71,113776
2016-01-14,111.98,116.75,110.81,116.2,52,118057
2016-01-15,116.17,116.17,84.58,109.7,418,111454
2016-01-16,109.52,117.17,103.03,116.31,494,118171
2016-01-17,116.26,117.29,110.59,110.6,139,112372
2016-01-18,110.46,112.1,92.68,93.6,415,95102
2016-01-19,93.62,198.46,90.44,194.15,3105,197253
2016-01-20,193.87,193.87,121.23,159.69,2436,162242
2016-01-21,159.46,184.75,122.53,140.59,758,293132
2016-01-22,141.04,141.09,114.78,126.22,811,270292
2016-01-23,126.22,130.2,113.51,127.87,648,273825
2016-01-24,128.07,177.74,105.74,113.98,1190,251222
2016-01-25,113.91,118.0,109.94,117.52,147,259027
2016-01-26,117.6,123.31,117.17,121.65,475,272809
2016-01-27,121.57,153.84,121.46,153.53,401,344319
2016-01-28,153.48,168.87,134.1,152.13,2113,342253
2016-01-29,152.12,152.12,108.34,110.17,652,247856
2016-01-30,110.05,146.43,105.91,113.83,409,260703
2016-01-31,113.86,141.56,105.7,141.56,664,328609
2016-02-01,141.6,143.78,108.52,130.53,827,306233
2016-02-02,130.57,131.55,130.52,131.06,153,307477
2016-02-03,131.06,143.94,121.46,122.1,443,292551
2016-02-04,122.09,147.55,122.09,124.67,854,300880
2016-02-05,124.67,141.97,111.82,129.33,567,312141
2016-02-06,129.46,129.48,112.26,112.94,237,273645
2016-02-07,112.96,126.22,109.09,112.97,339,275296
2016-02-08,112.99,126.82,112.99,125.05,253,306348
2016-02-09,125.06,126.34,111.89,112.82,523,277147
2016-02-10,112.81,128.87,100.15,127.8,1213,546706
2016-02-11,129.76,143.84,113.82,143.84,710,615349
2016-02-12,143.87,147.48,132.86,147.48,1289,630921
2016-02-13,147.52,155.82,128.02,132.88,1125,572012
2016-02-14,133.23,160.62,121.08,158.79,1331,683558
2016-02-15,158.95,160.05,125.98,133.34,439,573980
2016-02-16,133.27,158.67,133.27,135.84,363,584763
2016-02-17,135.83,155.83,134.44,149.87,2686,773639
2016-02-18,149.88,155.29,138.37,151.9,1602,784108
2016-02-19,151.93,153.85,138.36,138.86,382,721086
2016-02-20,138.86,182.81,138.86,150.82,5270,783187
2016-02-21,151.03,179.22,150.7,166.74,715,867422
2016-02-22,166.82,166.82,150.22,160.86,1570,836823
2016-02-23,161.09,161.81,144.15,154.8,2107,805644
2016-02-24,154.8,177.28,145.45,174.68,1973,910298
2016-02-25,174.62,181.03,168.09,179.42,2683,934988
2016-02-26,179.4,225.79,171.2,225.79,4040,1390618
2016-02-27,226.27,227.89,217.78,225.69,1158,1389984
2016-02-28,225.65,225.7,211.03,216.75,1496,1336564
2016-02-29,216.73,225.58,214.43,225.44,3225,1391480
2016-03-01,225.21,228.49,222.04,222.82,1787,1375333
2016-03-02,222.83,226.31,219.79,219.79,1201,1360044
2016-03-03,219.49,220.91,213.75,217.62,1158,1346634
2016-03-04,217.69,220.45,215.16,215.35,1130,1332581
2016-03-05,215.15,218.54,203.48,216.28,2184,1376599
2016-03-06,216.13,219.98,213.54,216.66,947,1379342
2016-03-07,216.71,224.85,215.97,223.04,3894,1419979
2016-03-08,222.96,223.31,218.05,221.34,3204,1409162
2016-03-09,221.3,223.3,189.28,220.97,2167,1409295
2016-03-10,221.0,226.67,218.34,221.43,2670,1412241
2016-03-11,221.43,225.92,217.08,225.61,2831,1457882
2016-03-12,225.68,225.73,209.79,210.08,2092,1357497
2016-03-13,209.99,216.59,208.89,216.59,2019,1399557
2016-03-14,216.57,219.68,195.11,208.57,4652,1349693
2016-03-15,208.6,218.51,198.56,198.59,2299,1285148
2016-03-16,198.65,211.91,198.22,199.34,788,1289956
2016-03-17,199.3,212.97,197.08,211.13,1466,1366266
2016-03-18,211.11,217.25,198.29,216.1,845,1398421
2016-03-19,215.9,218.32,206.11,213.05,1051,1400100
2016-03-20,213.01,220.76,192.05,220.13,795,1446647
2016-03-21,220.0,220.0,207.55,216.05,1296,1419841
2016-03-22,216.06,219.04,194.6,194.9,2,1280791
2016-03-23,194.93,218.47,194.68,212.73,1757,1397977
2016-03-24,212.74,215.79,211.05,214.06,2037,1406744
2016-03-25,214.07,215.2,208.62,213.66,2350,1404076
2016-03-26,213.63,214.56,212.77,213.18,2626,1400915
2016-03-27,213.18,221.67,213.06,221.06,2132,1452713
2016-03-28,221.03,221.08,211.65,217.74,1323,1430921
2016-03-29,217.81,220.25,211.73,213.68,1826,1404253
2016-03-30,213.71,215.07,211.6,212.24,2331,1394777
2016-03-31,212.21,216.18,212.21,215.36,2584,1415287
2016-04-01,215.34,216.08,214.77,215.86,1233,1418579
2016-04-02,215.93,218.06,193.67,216.07,1926,1419920
2016-04-03,216.09,216.34,214.38,215.49,1105,1416135
2016-04-04,215.51,216.36,201.33,215.48,902,1416062
2016-04-05,215.46,221.21,215.03,221.08,1415,1452837
2016-04-06,221.1,221.89,217.85,219.44,983,1442060
2016-04-07,219.52,220.33,201.23,219.24,2008,1440772
2016-04-08,219.29,222.63,201.26,220.01,1748,1445825
2016-04-09,220.06,220.34,217.99,217.99,769,1432538
2016-04-10,218.13,226.54,218.13,225.82,1251,1483994
2016-04-11,225.83,225.83,199.12,225.59,1381,1482482
2016-04-12,225.64,232.79,225.55,232.72,3216,1529384
2016-04-13,232.65,233.45,227.93,228.03,381,1498550
2016-04-14,228.02,598.38,216.09,598.38,60864,3932353
2016-04-15,598.56,623.3,448.56,462.44,5116,3338114
2016-04-16,462.4,495.47,399.74,453.02,2513,3270138
2016-04-17,453.18,469.76,448.03,448.67,1716,3238715
2016-04-18,448.81,450.77,373.69,374.2,2404,2701183
2016-04-19,374.26,426.02,369.69,385.38,1856,2781864
2016-04-20,385.34,433.08,384.38,431.5,2023,3114781
2016-04-21,431.52,473.14,425.55,450.74,2227,3253701
2016-04-22,450.86,502.87,439.82,494.71,1738,3571062
2016-04-23,494.78,508.33,453.8,492.24,2751,3553269
2016-04-24,492.39,526.26,445.79,524.55,3017,3891051
2016-04-25,524.42,532.1,518.05,524.13,1310,3887950
2016-04-26,523.14,524.33,460.74,462.18,1686,3428435
2016-04-27,462.1,512.42,422.24,465.44,2221,3452565
2016-04-28,466.02,483.35,427.1,458.66,1609,3402272
2016-04-29,458.61,478.24,455.55,478.08,1143,3546312
2016-04-30,477.94,478.46,471.07,471.62,2927,3498415
2016-05-01,471.89,475.47,468.14,469.75,1168,3493583
2016-05-02,469.95,470.54,459.45,462.38,1328,3438794
2016-05-03,462.46,467.73,460.32,466.11,2019,3466527
2016-05-04,466.1,466.17,458.35,458.57,1802,3410414
2016-05-05,458.57,481.58,451.26,464.74,2020,3456331
2016-05-06,464.73,484.84,463.79,483.51,2186,3595918
2016-05-07,483.37,488.08,459.17,485.16,1535,3608189
2016-05-08,485.28,521.32,473.65,476.3,1870,3542304
2016-05-09,476.25,483.2,473.5,481.08,1181,3577816
2016-05-10,481.11,483.92,473.49,474.27,1738,3527206
2016-05-11,474.53,484.98,474.5,476.96,1904,3547219
2016-05-12,477.03,495.62,463.48,475.48,1637,3536213
2016-05-13,475.52,487.41,473.64,484.32,1674,3601934
2016-05-14,484.31,503.35,471.81,482.33,1548,3587112
2016-05-15,482.33,485.88,479.06,482.33,1490,3604786
2016-05-16,482.24,483.08,449.3,449.3,2591,3357952
2016-05-17,448.72,466.63,412.7,465.57,2934,3479534
2016-05-18,465.63,466.63,412.09,445.5,1774,3329545
2016-05-19,445.43,461.53,445.09,450.22,1391,3364783
2016-05-20,449.28,457.08,338.72,441.75,1835,3301511
2016-05-21,441.98,457.34,425.06,456.43,1228,3417048
2016-05-22,456.38,456.63,412.53,418.14,2650,3130419
2016-05-23,418.03,446.43,417.58,435.72,1291,3262032
2016-05-24,435.6,441.08,316.04,440.03,1569,3294284
2016-05-25,439.97,445.8,398.98,443.78,2318,3322381
2016-05-26,443.84,446.88,429.77,439.37,1797,3289335
2016-05-27,439.37,465.33,377.82,438.68,6766,3284214
2016-05-28,438.44,509.44,327.79,506.72,2599,3793590
2016-05-29,506.17,511.85,253.74,451.25,1421,3378290
2016-05-30,451.81,482.98,390.44,474.42,1544,3551753
2016-05-31,473.68,485.88,273.06,472.39,1650,3536525
2016-06-01,472.34,482.74,467.23,478.1,1787,3579289
2016-06-02,477.26,480.31,473.85,478.24,983,3580337
2016-06-03,478.2,510.79,477.26,505.86,1546,3787175
2016-06-04,505.95,524.56,284.46,502.81,1646,3764311
2016-06-05,502.41,516.01,502.41,509.58,1177,3814972
2016-06-06,509.52,521.31,509.19,515.06,3320,3856028
2016-06-07,515.11,519.26,493.72,512.47,998,3836653
2016-06-08,512.53,518.08,509.45,517.15,2562,3871690
2016-06-09,517.02,517.51,393.42,485.5,1626,3634696
2016-06-10,485.48,514.64,397.68,452.43,2832,3387139
2016-06-11,452.35,478.86,451.68,478.86,1961,3584971
2016-06-12,478.55,501.61,333.15,480.87,2986,3600019
2016-06-13,481.22,500.65,395.57,492.02,2061,3683501
2016-06-14,492.08,538.21,478.72,529.41,5242,3963430
2016-06-15,529.2,529.3,490.57,526.49,1337,3941562
2016-06-16,526.8,555.33,509.29,530.05,2887,3968259
2016-06-17,530.16,535.93,368.08,508.19,2004,3804581
2016-06-18,507.89,528.82,491.81,498.77,1595,3734043
2016-06-19,498.6,524.24,491.09,496.02,1650,3713455
2016-06-20,496.28,496.37,87.69,466.15,1933,3489832
2016-06-21,466.09,490.59,386.24,465.98,3387,3488552
2016-06-22,466.5,475.0,411.24,411.76,1516,3082617
2016-06-23,417.28,440.53,390.7,436.7,1959,3269398
2016-06-24,436.78,468.38,422.98,465.99,2972,3488686
2016-06-25,464.85,484.0,451.86,464.72,1473,3479141
2016-06-26,464.57,465.17,431.24,439.7,2082,3291843
2016-06-27,439.21,453.63,433.04,450.89,5580,3375587
2016-06-28,455.15,457.81,386.8,446.2,5446,3340461
2016-06-29,446.12,446.12,411.75,411.96,4367,3084152
2016-06-30,412.05,467.39,412.05,465.62,4814,3485909
2016-07-01,465.14,474.2,444.99,452.2,5865,3385402
2016-07-02,452.42,463.57,444.99,463.57,2975,3470532
2016-07-03,463.84,464.68,354.28,412.19,3424,3085851
2016-07-04,413.02,426.8,335.05,378.47,3344,2833428
2016-07-05,378.64,407.16,344.76,387.13,6742,2898246
2016-07-06,387.18,393.68,374.55,375.15,999,2808550
2016-07-07,375.31,378.14,334.93,350.35,6580,2622869
2016-07-08,350.83,599.74,342.82,599.74,14816,4490003
2016-07-09,599.58,599.58,416.3,489.8,5435,3666911
2016-07-10,489.84,495.38,440.88,445.47,4122,3335018
2016-07-11,445.22,445.36,406.17,420.43,5348,3147548
2016-07-12,420.42,435.2,418.15,428.29,3410,3206414
2016-07-13,428.29,429.46,401.85,410.41,3948,3072563
2016-07-14,409.66,424.97,401.78,423.65,5267,3171662
2016-07-15,423.84,483.96,408.44,480.58,8768,3597893
2016-07-16,480.15,482.48,411.89,428.47,4537,3207747
2016-07-17,427.54,448.06,427.54,446.06,7055,3339465
2016-07-18,446.47,461.29,431.89,460.65,4374,3448663
2016-07-19,460.45,467.84,403.07,458.89,2670,3435525
2016-07-20,458.86,523.77,455.26,455.88,1371,3412930
2016-07-21,455.79,494.58,450.13,494.32,2026,3700720
2016-07-22,494.24,510.37,468.89,479.08,1047,3586625
2016-07-23,479.15,483.43,436.08,482.99,1178,3615928
2016-07-24,482.95,487.36,471.17,486.28,360,3640528
2016-07-25,486.33,496.85,418.2,451.13,4523,3377369
2016-07-26,451.23,496.71,445.69,492.84,2179,3689692
2016-07-27,492.59,496.26,490.07,492.55,2199,3687491
2016-07-28,492.58,496.48,445.49,450.25,1448,3370819
2016-07-29,450.2,493.34,450.06,492.7,134,3688592
2016-07-30,492.74,495.84,452.86,454.77,341,3404628
2016-07-31,454.76,491.26,435.15,485.01,135,3631005
2016-08-01,484.73,520.67,478.2,504.63,1954,3777929
2016-08-02,504.88,576.78,428.15,465.68,195,3486313
2016-08-03,468.7,539.91,395.75,537.54,344,4024295
2016-08-04,537.47,550.41,407.94,549.24,353,4111940
2016-08-05,549.26,549.26,411.48,414.76,323,3105092
2016-08-06,414.62,541.32,405.12,540.74,44,4048290
2016-08-07,540.76,549.71,418.8,545.22,611,4081814
2016-08-08,545.27,770.09,402.59,741.67,2623,5552544
2016-08-09,741.77,765.37,471.95,761.97,743,5704513
2016-08-10,761.68,770.55,528.45,709.59,247,5312406
2016-08-11,709.91,771.68,535.9,707.23,327,5294723
2016-08-12,706.95,707.89,700.57,705.16,282,5279218
2016-08-13,705.07,706.8,526.48,702.65,182,5260442
2016-08-14,702.71,702.8,569.63,684.47,285,5124284
2016-08-15,684.57,1717.72,569.37,1531.2,12071,11463378
2016-08-16,1531.55,1534.46,911.21,1039.29,1466,7780678
2016-08-17,1039.45,1388.34,723.53,1318.73,2826,9872714
2016-08-18,1318.4,1320.39,690.63,860.7,1652,6443681
2016-08-19,860.9,862.86,679.74,826.26,914,6185852
2016-08-20,826.14,834.5,825.9,834.49,1,6247474
2016-08-21,617.69,712.51,479.9,697.7,164,5223353
2016-08-22,697.57,702.36,0.058857,0.102403,78966,8443688
2016-08-23,0.102388,0.113863,0.084639,0.107961,83571,8901976
2016-08-24,0.095097,0.112153,0.081797,0.081797,48146,6744594
2016-08-25,0.081806,0.110736,0.075077,0.103992,63336,8587591
2016-08-26,0.103991,0.11008,0.095413,0.107217,49592,8853910
2016-08-27,0.10665,0.11002,0.097731,0.09922,53476,8193515
2016-08-28,0.099182,0.10305,0.083234,0.08496,48881,7015917
2016-08-29,0.094351,0.099029,0.085183,0.086216,56777,7119626
2016-08-30,0.086219,0.103363,0.08088,0.091225,32896,7533247
2016-08-31,0.091246,0.091347,0.082972,0.085718,31671,7078540
2016-09-01,0.08574,0.092933,0.079722,0.092933,27576,7674289
2016-09-02,0.092942,0.097824,0.08973,0.097819,33402,8077776
2016-09-03,0.097818,0.098018,0.089603,0.097455,75978,8047709
2016-09-04,0.097503,0.105953,0.093771,0.098032,66640,8095415
2016-09-05,0.098057,0.109022,0.097503,0.106144,106269,8765260
2016-09-06,0.106153,0.109306,0.098567,0.108498,115626,8959650
2016-09-07,0.108505,0.108552,0.1007,0.101824,66446,8408518
2016-09-08,0.101824,0.110775,0.100944,0.110753,117521,9145862
2016-09-09,0.110733,0.110824,0.084053,0.101536,36409,8384732
2016-09-10,0.101526,0.106154,0.092291,0.097899,124563,8084400
2016-09-11,0.097891,0.101869,0.093703,0.096135,80550,7938706
2016-09-12,0.096171,0.097626,0.094234,0.094594,80343,7811442
2016-09-13,0.094624,0.097349,0.085998,0.092276,44418,7620033
2016-09-14,0.0923,0.110042,0.087108,0.096621,37057,7978878
2016-09-15,0.09661,0.100454,0.092107,0.097696,60081,8067601
2016-09-16,0.097679,0.10047,0.092367,0.098329,59767,8119856
2016-09-17,0.09833,0.100589,0.093125,0.095291,49896,7868990
2016-09-18,0.095267,0.095986,0.09312,0.095969,49335,7925003
2016-09-19,0.095964,0.099565,0.067008,0.094331,57442,7789746
2016-09-20,0.094333,0.11258,0.088918,0.103546,61193,8550710
2016-09-21,0.103413,0.103413,0.088853,0.095526,42192,7888444
2016-09-22,0.095538,0.095635,0.089617,0.093456,57406,7717480
2016-09-23,0.093464,0.094263,0.090284,0.094203,61128,7779182
2016-09-24,0.0942,0.095543,0.090916,0.095495,50209,7885874
2016-09-25,0.095504,0.104272,0.093414,0.102134,41007,8434100
2016-09-26,0.102128,0.104379,0.098415,0.100942,44045,8335666
2016-09-27,0.100926,0.103184,0.092758,0.097434,54963,8046019
2016-09-28,0.097439,0.100175,0.091551,0.093974,58587,7760254
2016-09-29,0.093963,0.100881,0.093489,0.093842,35377,7749320
2016-09-30,0.093856,0.097664,0.091451,0.094784,58053,7827142
2016-10-01,0.094794,0.097685,0.091038,0.09297,51297,7677327
2016-10-02,0.092973,0.093884,0.09006,0.091999,47987,7597143
2016-10-03,0.091992,0.092763,0.088683,0.092313,45071,7623088
2016-10-04,0.092322,0.092442,0.088462,0.090724,39882,7491911
2016-10-05,0.090731,0.093579,0.088218,0.09347,48073,7718639
2016-10-06,0.093466,0.09526,0.089745,0.090636,36442,7484619
2016-10-07,0.090468,0.094174,0.089025,0.090543,36272,7476889
2016-10-08,0.09056,0.0928,0.089398,0.091786,30137,7579558
2016-10-09,0.091792,0.094994,0.089696,0.094932,36452,7839374
2016-10-10,0.094954,0.096354,0.089606,0.090731,20285,7492419
2016-10-11,0.090761,0.096461,0.090743,0.096347,26187,7956238
2016-10-12,0.096281,0.096562,0.092551,0.093448,26943,7959049
2016-10-13,0.093444,0.094012,0.089578,0.091154,23556,7763650
2016-10-14,0.091169,0.094398,0.086852,0.094398,31665,8039978
2016-10-15,0.094408,0.094782,0.085955,0.093603,13157,7972259
2016-10-16,0.093629,0.09394,0.086271,0.089356,13161,7610547
2016-10-17,0.089388,0.091651,0.086948,0.089469,25228,7620136
2016-10-18,0.089469,0.091883,0.088852,0.088957,28007,7576518
2016-10-19,0.088961,0.091589,0.087325,0.08993,18296,7659414
2016-10-20,0.089926,0.090535,0.087263,0.08895,17707,7575930
2016-10-21,0.088932,0.090801,0.087518,0.088519,23648,7539187
2016-10-22,0.088509,0.094132,0.084873,0.089516,21168,7624127
2016-10-23,0.089581,0.093464,0.085117,0.088413,19955,7530226
2016-10-24,0.088436,0.090952,0.082817,0.090899,24256,7741908
2016-10-25,0.090873,0.094874,0.085638,0.093849,24428,7993143
2016-10-26,0.093898,0.098541,0.087631,0.096577,26094,8225547
2016-10-27,0.096551,0.115936,0.091522,0.104591,70348,9100540
2016-10-28,0.104648,0.104648,0.09414,0.096386,25763,8386590
2016-10-29,0.096402,0.100267,0.09533,0.097446,23298,8478821
2016-10-30,0.097418,0.098023,0.094219,0.095981,18780,8351332
2016-10-31,0.095981,0.09791,0.092606,0.094635,25233,8234259
2016-11-01,0.094629,0.101811,0.09269,0.094926,30144,8259552
2016-11-02,0.094952,0.101116,0.092074,0.101116,24949,8798174
2016-11-03,0.101341,0.101767,0.091687,0.095349,11359,8296417
2016-11-04,0.095395,0.099283,0.092925,0.098582,27778,8577678
2016-11-05,0.098564,0.099107,0.094069,0.095582,16849,8316645
2016-11-06,0.095577,0.103017,0.094729,0.102881,27345,8951744
2016-11-07,0.102848,0.103067,0.095899,0.101337,33051,8817398
2016-11-08,0.101373,0.101572,0.094971,0.10035,24536,8731516
2016-11-09,0.100318,0.101526,0.094884,0.095299,21526,8292051
2016-11-10,0.095315,0.099374,0.095174,0.097544,23473,8487328
2016-11-11,0.097554,0.105313,0.097541,0.10262,17775,8929028
2016-11-12,0.102619,0.103918,0.097218,0.101216,24343,8806864
2016-11-13,0.101379,0.101408,0.093685,0.095213,18366,8284502
2016-11-14,0.095206,0.100184,0.091717,0.098668,8558,8585192
2016-11-15,0.098723,0.102345,0.086194,0.10169,26110,8848102
2016-11-16,0.10163,0.103439,0.094066,0.103413,24164,8998021
2016-11-17,0.103401,0.105934,0.099625,0.102199,24847,8892390
2016-11-18,0.102147,0.104504,0.098844,0.10319,16006,8978617
2016-11-19,0.103163,0.10539,0.09899,0.103197,11329,8979226
2016-11-20,0.103215,0.105315,0.093431,0.100515,20935,8745863
2016-11-21,0.100519,0.102865,0.097703,0.100008,27359,8701748
2016-11-22,0.099963,0.103125,0.096943,0.102183,8515,8890996
2016-11-23,0.102182,0.103572,0.099614,0.103397,14141,8996626
2016-11-24,0.103399,0.10371,0.097954,0.098068,20397,8532929
2016-11-25,0.098047,0.10352,0.097983,0.103028,22363,8964518
2016-11-26,0.103032,0.103081,0.096501,0.100765,16821,8767612
2016-11-27,0.100733,0.101058,0.093164,0.100935,9855,8782404
2016-11-28,0.100942,0.118579,0.094175,0.110843,91795,9644503
2016-11-29,0.110849,0.111112,0.098389,0.103513,33520,9202170
2016-11-30,0.103499,0.103679,0.094332,0.101059,22884,8984012
2016-12-01,0.101059,0.111113,0.099721,0.10561,37449,9388588
2016-12-02,0.107003,0.112205,0.098881,0.102345,32651,9098333
2016-12-03,0.102369,0.107016,0.096743,0.106965,27336,9509044
2016-12-04,0.106971,0.108549,0.099993,0.101442,16306,9018056
2016-12-05,0.101488,0.10571,0.09575,0.104025,14552,9247680
2016-12-06,0.104029,0.105305,0.100815,0.104894,24549,9324932
2016-12-07,0.104726,0.105199,0.098708,0.101997,12909,9067392
2016-12-08,0.101993,0.104921,0.099552,0.103932,14288,9239409
2016-12-09,0.103911,0.103949,0.097298,0.102587,17572,9119839
2016-12-10,0.102611,0.104735,0.100228,0.101177,12690,8994491
2016-12-11,0.101177,0.103018,0.097475,0.098281,5093,8737014
2016-12-12,0.098311,0.102429,0.098257,0.099419,16345,8838215
2016-12-13,0.099408,0.102511,0.097011,0.100486,13905,8933060
2016-12-14,0.100354,0.102281,0.090262,0.096976,23376,8621061
2016-12-15,0.097011,0.09889,0.085466,0.094471,31820,8398369
2016-12-16,0.094449,0.095441,0.083587,0.089196,8034,7929401
2016-12-17,0.089196,0.095291,0.085191,0.095153,21076,8458952
2016-12-18,0.095155,0.095624,0.08794,0.08904,12644,7915515
2016-12-19,0.089072,0.091501,0.08419,0.085131,14737,7568001
2016-12-20,0.085119,0.0905,0.084287,0.08825,17142,7845293
2016-12-21,0.088215,0.089035,0.070719,0.085096,6725,7564936
2016-12-22,0.085323,0.089572,0.071318,0.086572,28848,7696148
2016-12-23,0.08654,0.095868,0.081519,0.093538,24800,8315387
2016-12-24,0.09359,0.093742,0.083181,0.089787,9286,7981919
2016-12-25,0.089818,0.089901,0.046701,0.061137,26402,5434979
2016-12-26,0.061109,0.074748,0.061109,0.074367,14945,6611122
2016-12-27,0.074413,0.074468,0.069758,0.071998,23815,6400549
2016-12-28,0.072041,0.125744,0.061442,0.087366,23131,7766721
2016-12-29,0.087379,0.088236,0.069574,0.075889,7302,6746390
2016-12-30,0.075882,0.089787,0.067874,0.084138,6097,7479748
2016-12-31,0.08415,0.093202,0.072955,0.088653,5764,7881132
2017-01-01,0.088667,0.100253,0.08764,0.099732,7872,8866035
2017-01-02,0.099787,0.101638,0.083559,0.100316,11603,8917915
2017-01-03,0.100312,0.102618,0.091778,0.10214,8101,9080064
2017-01-04,0.102116,0.106927,0.090656,0.102066,14390,9073483
2017-01-05,0.102171,0.102348,0.068665,0.079735,5226,7088262
2017-01-06,0.079952,0.082576,0.06477,0.07399,9658,6577595
2017-01-07,0.074096,0.074452,0.065161,0.07373,5302,6554490
2017-01-08,0.073731,0.0765,0.070481,0.070976,5027,6309638
2017-01-09,0.071075,0.080692,0.068477,0.072819,13102,6473441
2017-01-10,0.07278,0.081115,0.072714,0.077332,7383,6874647
2017-01-11,0.077339,0.07757,0.062642,0.067171,7833,5971334
2017-01-12,0.067073,0.09497,0.06204,0.08854,15878,7871043
2017-01-13,0.088486,0.089204,0.067616,0.088543,7527,7871317
2017-01-14,0.088598,0.099349,0.077769,0.097736,37358,8717308
2017-01-15,0.097699,0.098238,0.081661,0.086158,5086,7684678
2017-01-16,0.086155,0.093371,0.085995,0.093011,7134,8295924
2017-01-17,0.093035,0.099993,0.080639,0.094889,6461,8463417
2017-01-18,0.094951,0.095952,0.082545,0.091814,5240,8189105
2017-01-19,0.092193,0.09379,0.07978,0.093336,9224,8324891
2017-01-20,0.093297,0.093297,0.077027,0.085145,6337,7594295
2017-01-21,0.085143,0.094488,0.085143,0.092411,10294,8242360
2017-01-22,0.092408,0.093474,0.080852,0.088453,8640,7889384
2017-01-23,0.088555,0.089771,0.079333,0.087179,6204,7775738
2017-01-24,0.087123,0.087123,0.074284,0.076126,7122,6789830
2017-01-25,0.07616,0.081882,0.073536,0.078628,10373,7013008
2017-01-26,0.078649,0.081614,0.074917,0.081057,17436,7229678
2017-01-27,0.08106,0.081492,0.075256,0.080802,6027,7206925
2017-01-28,0.080801,0.08117,0.076975,0.077121,7024,6878581
2017-01-29,0.077121,0.081198,0.076825,0.079609,5516,7100550
2017-01-30,0.079608,0.080429,0.076166,0.077853,8444,6943918
2017-01-31,0.077824,0.095718,0.077243,0.082998,39434,7402785
2017-02-01,0.082985,0.086165,0.082985,0.086165,13018,7685229
2017-02-02,0.086157,0.096786,0.080789,0.087892,31225,7839290
2017-02-03,0.087863,0.103025,0.0828,0.099832,22150,8904272
2017-02-04,0.09997,0.10091,0.0904,0.090476,9613,8069772
2017-02-05,0.09053,0.101443,0.083834,0.096378,57941,8596192
2017-02-06,0.097611,0.098563,0.087678,0.098246,49968,8762793
2017-02-07,0.098416,0.100673,0.088485,0.096416,35167,8599544
2017-02-08,0.09651,0.100781,0.085748,0.096526,25602,8609337
2017-02-09,0.096789,0.098865,0.079541,0.085563,14986,7631576
2017-02-10,0.085671,0.08799,0.080476,0.081849,11348,7300245
2017-02-11,0.081867,0.091935,0.081365,0.091337,39723,8146544
2017-02-12,0.091252,0.091252,0.08303,0.090459,37829,8068224
2017-02-13,0.090432,0.090634,0.081927,0.082775,31764,7382888
2017-02-14,0.082866,0.090624,0.082441,0.08381,27032,7475174
2017-02-15,0.083948,0.087882,0.083948,0.087767,32829,7828143
2017-02-16,0.087782,0.089795,0.087282,0.089229,22473,7958523
2017-02-17,0.089114,0.090743,0.082181,0.088381,37572,7882914
2017-02-18,0.088635,0.091265,0.082688,0.087658,24307,7818365
2017-02-19,0.087686,0.090685,0.079378,0.087073,24237,7766258
2017-02-20,0.087141,0.087916,0.076982,0.080975,24897,7222346
2017-02-21,0.080923,0.091201,0.079961,0.089076,20334,7944908
2017-02-22,0.089036,0.090702,0.085767,0.090063,28845,8032878
2017-02-23,0.090049,0.096773,0.085552,0.094755,27113,8451348
2017-02-24,0.09645,0.097745,0.091306,0.096597,24782,8615711
2017-02-25,0.096329,0.104412,0.087678,0.090967,94126,8113541
2017-02-26,0.091001,0.097779,0.090075,0.097748,73614,8780150
2017-02-27,0.097629,0.098548,0.090893,0.098072,31860,8809189
2017-02-28,0.098134,0.099208,0.091422,0.092425,48263,8301970
2017-03-01,0.09243,0.103002,0.092,0.093748,34816,8420851
2017-03-02,0.093915,0.105468,0.092727,0.104586,41627,9394346
2017-03-03,0.104617,0.106686,0.092994,0.094484,28759,8486924
2017-03-04,0.094665,0.099341,0.091374,0.097528,34770,8760393
2017-03-05,0.097461,0.100057,0.087242,0.094579,36169,8495510
2017-03-06,0.093762,0.099639,0.090513,0.094092,44069,8451747
2017-03-07,0.094119,0.095889,0.087413,0.092083,45447,8271299
2017-03-08,0.09206,0.092238,0.080653,0.080719,32514,7250519
2017-03-09,0.080744,0.092424,0.080161,0.085692,38673,7697187
2017-03-10,0.085755,0.094545,0.076193,0.07967,18918,7156275
2017-03-11,0.079641,0.087288,0.079161,0.081103,35703,7284984
2017-03-12,0.081157,0.091074,0.07911,0.085309,34943,7662819
2017-03-13,0.085337,0.091155,0.082962,0.090297,48860,8110816
2017-03-14,0.090314,0.090314,0.085439,0.08768,37898,7875800
2017-03-15,0.087692,0.091316,0.079935,0.085693,21534,7697257
2017-03-16,0.085811,0.090758,0.079798,0.083022,57455,7457381
2017-03-17,0.082487,0.083374,0.076591,0.080638,32600,7243259
2017-03-18,0.080599,0.083634,0.072313,0.072986,15869,6555907
2017-03-19,0.073204,0.079674,0.070302,0.076427,19104,6865027
2017-03-20,0.076464,0.082291,0.075912,0.077558,27326,6966600
2017-03-21,0.077641,0.082413,0.076249,0.080026,24988,7188240
2017-03-22,0.080034,0.081321,0.070904,0.076396,38720,6862232
2017-03-23,0.076463,0.079913,0.073473,0.075633,32255,6793650
2017-03-24,0.075688,0.079216,0.071544,0.074858,43099,6724081
2017-03-25,0.07478,0.082839,0.069937,0.080922,45091,7268746
2017-03-26,0.08101,0.088665,0.079014,0.08805,43914,7908975
2017-03-27,0.089214,0.103973,0.081663,0.103806,58222,9324267
2017-03-28,0.095523,0.110114,0.08315,0.098506,51666,8848180
2017-03-29,0.098412,0.100793,0.088416,0.093827,39634,8441757
2017-03-30,0.094052,0.098012,0.085387,0.087843,35154,7903315
2017-03-31,0.087654,0.099854,0.082163,0.097372,45596,8760703
2017-04-01,0.097362,0.101013,0.094293,0.095519,44505,8593995
2017-04-02,0.095529,0.102475,0.090529,0.096976,29539,8725065
2017-04-03,0.097107,0.100838,0.093956,0.099781,44776,8977451
2017-04-04,0.099969,0.112303,0.095219,0.10607,45890,9543232
2017-04-05,0.106153,0.107672,0.098393,0.104105,46363,9366438
2017-04-06,0.104193,0.106836,0.100421,0.105965,35481,9533782
2017-04-07,0.10563,0.107744,0.101131,0.102266,42060,9200979
2017-04-08,0.101897,0.107221,0.09717,0.099316,37867,8935528
2017-04-09,0.099368,0.107318,0.098697,0.101381,52098,9121353
2017-04-10,0.101127,0.108139,0.099785,0.102448,39752,9252109
2017-04-11,0.102478,0.114419,0.102478,0.110808,75424,10007102
2017-04-12,0.11079,0.123074,0.106848,0.118388,58451,10989432
2017-04-13,0.118452,0.12326,0.112303,0.116742,54153,10836640
2017-04-14,0.116846,0.125707,0.110259,0.116269,46527,10792733
2017-04-15,0.116887,0.119031,0.104031,0.110111,44977,10221109
2017-04-16,0.110116,0.117548,0.107856,0.113475,53571,10533373
2017-04-17,0.113505,0.128425,0.110022,0.121066,58355,11238011
2017-04-18,0.121052,0.126302,0.120399,0.121827,58477,11308649
2017-04-19,0.121578,0.139616,0.119931,0.139616,81755,13761035
2017-04-20,0.136379,0.145856,0.130247,0.138656,52804,13666413
2017-04-21,0.138699,0.145376,0.134965,0.13947,45810,13746641
2017-04-22,0.139545,0.146221,0.134116,0.141264,62435,13923463
2017-04-23,0.141288,0.143477,0.137509,0.138179,53004,13619393
2017-04-24,0.138179,0.141782,0.133557,0.13937,50473,13736781
2017-04-25,0.139404,0.147714,0.13735,0.147472,56087,14535337
2017-04-26,0.14753,0.154351,0.139731,0.149197,59380,14705351
2017-04-27,0.14925,0.155705,0.143918,0.148175,53242,14604617
2017-04-28,0.148751,0.153485,0.143733,0.153446,64679,15958330
2017-04-29,0.15355,0.15571,0.145085,0.145115,60205,15091907
2017-04-30,0.145124,0.154405,0.144394,0.154405,57419,16058063
2017-05-01,0.154452,0.171901,0.154452,0.165968,61259,17260608
2017-05-02,0.165901,0.172425,0.164568,0.170275,56300,17708524
2017-05-03,0.170388,0.188025,0.167582,0.175914,44168,18294976
2017-05-04,0.175988,0.178711,0.161644,0.166185,60129,17283161
2017-05-05,0.16653,0.1763,0.160279,0.169197,76240,17596405
2017-05-06,0.168163,0.175652,0.165445,0.175652,49662,18267717
2017-05-07,0.175733,0.177145,0.157629,0.172786,71050,17969652
2017-05-08,0.172809,0.184965,0.170374,0.181875,83095,18914901
2017-05-09,0.181932,0.196519,0.179448,0.181357,95793,20003500
2017-05-10,0.181477,0.197901,0.177268,0.185427,53986,20452411
2017-05-11,0.185539,0.20675,0.185218,0.201431,87204,22217631
2017-05-12,0.201683,0.205268,0.178577,0.18127,60938,19993890
2017-05-13,0.180934,0.193874,0.172873,0.192255,89500,21205517
2017-05-14,0.19287,0.197385,0.184984,0.190159,68839,20974328
2017-05-15,0.190271,0.198192,0.167495,0.175543,78658,19362197
2017-05-16,0.175283,0.200842,0.167372,0.190052,100281,21220491
2017-05-17,0.190001,0.195023,0.177796,0.191172,81885,21345539
2017-05-18,0.191069,0.195366,0.169361,0.193953,78870,21656053
2017-05-19,0.194065,0.196198,0.179878,0.184839,66988,20638416
2017-05-20,0.184639,0.207427,0.156217,0.192944,84133,21543386
2017-05-21,0.192846,0.198133,0.1678,0.188394,70672,21035324
2017-05-22,0.189028,0.202351,0.159275,0.167124,59767,18660397
2017-05-23,0.16688,0.209319,0.164992,0.201571,93536,22919543
2017-05-24,0.201814,0.219892,0.195413,0.20775,96820,23622116
2017-05-25,0.207359,0.226935,0.184463,0.189435,83030,21539614
2017-05-26,0.188045,0.218584,0.180335,0.208198,59679,23673045
2017-05-27,0.20889,0.296438,0.170315,0.21209,121557,24115580
2017-05-28,0.218599,0.226953,0.200185,0.212823,77001,24198922
2017-05-29,0.212612,0.252486,0.187549,0.230595,125908,26219669
2017-05-30,0.230863,0.24442,0.221757,0.224419,141852,25517426
2017-05-31,0.223372,0.270727,0.223372,0.253042,241886,28771979
2017-06-01,0.247442,0.27937,0.238351,0.246081,160305,27980478
2017-06-02,0.247533,0.287994,0.234831,0.269045,320845,30591575
2017-06-03,0.266603,0.28148,0.250132,0.262303,140148,31947659
2017-06-04,0.265493,0.270134,0.213613,0.246536,148261,30027275
2017-06-05,0.2435,0.260151,0.226057,0.257808,124834,31400163
2017-06-06,0.258587,0.276641,0.241853,0.258965,165303,31541059
2017-06-07,0.266396,0.268626,0.227225,0.234444,157731,28554476
2017-06-08,0.234392,0.250164,0.214697,0.242289,88786,29509961
2017-06-09,0.240167,0.284401,0.240167,0.267654,149839,32599322
2017-06-10,0.261475,0.279358,0.233429,0.245879,153589,29947185
2017-06-11,0.234673,0.277377,0.228357,0.259999,83012,31666947
2017-06-12,0.260609,0.340335,0.228042,0.286029,224336,34837302
2017-06-13,0.280804,0.290601,0.251362,0.265562,100395,33147668
2017-06-14,0.26908,0.275832,0.231174,0.23908,109299,29842157
2017-06-15,0.239767,0.279033,0.212074,0.262915,161296,32817251
2017-06-16,0.258371,0.30061,0.255876,0.28373,142170,35832144
2017-06-17,0.285468,0.28888,0.256413,0.267861,95624,33828040
2017-06-18,0.278055,0.299691,0.260816,0.289605,117525,36574075
2017-06-19,0.291177,0.303228,0.262339,0.27096,141398,34219401
2017-06-20,0.265341,0.298529,0.252956,0.267404,111798,33770311
2017-06-21,0.267668,0.279517,0.251633,0.260111,125327,32849276
2017-06-22,0.254173,0.280832,0.233561,0.246785,96448,31166327
2017-06-23,0.246814,0.29158,0.244886,0.271096,141836,34236538
2017-06-24,0.270027,0.275152,0.247445,0.256622,83255,32408622
2017-06-25,0.25817,0.321781,0.237909,0.251309,87867,31737636
2017-06-26,0.251199,0.272756,0.225805,0.244818,134470,30917886
2017-06-27,0.244818,0.278215,0.224172,0.266201,243760,33837258
2017-06-28,0.267315,0.278413,0.249616,0.262662,133326,33387402
2017-06-29,0.263148,0.27415,0.24378,0.255671,110324,32498762
2017-06-30,0.256172,0.259209,0.231174,0.234538,91219,29812509
2017-07-01,0.239603,0.267519,0.229917,0.238093,71169,30264383
2017-07-02,0.244375,0.262907,0.224262,0.236198,114417,30023503
2017-07-03,0.238311,0.259475,0.208972,0.251077,410464,31914788
2017-07-04,0.252323,0.2647,0.234952,0.246817,142603,31373284
2017-07-05,0.248019,0.249939,0.227207,0.237005,83176,30126062
2017-07-06,0.236172,0.246809,0.229001,0.239965,117906,30502304
2017-07-07,0.23849,0.245441,0.227764,0.234605,104430,29820982
2017-07-08,0.233392,0.234941,0.212299,0.21576,105617,27425547
2017-07-09,0.213299,0.227225,0.203309,0.204826,102526,26035707
2017-07-10,0.203344,0.222164,0.194117,0.212787,116498,27047638
2017-07-11,0.20956,0.212109,0.144262,0.162734,767592,20685329
2017-07-12,0.159898,0.216748,0.14931,0.203218,399205,25831299
2017-07-13,0.204021,0.226061,0.201493,0.215302,160105,27367304
2017-07-14,0.212929,0.223777,0.1992,0.207317,177981,26352317
2017-07-15,0.206507,0.217888,0.193341,0.201469,171364,25608968
2017-07-16,0.200195,0.2136,0.189885,0.199095,114347,25307203
2017-07-17,0.199488,0.240451,0.189751,0.217322,162840,27624052
2017-07-18,0.222908,0.248867,0.200453,0.208843,146312,26546272
2017-07-19,0.209176,0.218556,0.192778,0.194246,120715,24690824
2017-07-20,0.19431,0.252862,0.19431,0.245402,158898,31193303
2017-07-21,0.247222,0.248535,0.217356,0.223709,100502,28435869
2017-07-22,0.220935,0.252918,0.220578,0.247693,113299,31484497
2017-07-23,0.244113,0.250878,0.222447,0.229836,97605,29214674
2017-07-24,0.230001,0.238594,0.218918,0.233121,110135,29632228
2017-07-25,0.23332,0.236805,0.20491,0.218845,130643,27817588
2017-07-26,0.220482,0.224311,0.206308,0.215102,154934,27341809
2017-07-27,0.216585,0.225457,0.213317,0.218325,53239,27751483
2017-07-28,0.225687,0.242454,0.222047,0.226616,127774,28805355
2017-07-29,0.227372,0.231371,0.210224,0.21566,106209,27412726
2017-07-30,0.209757,0.218371,0.197388,0.215819,117545,27432934
2017-07-31,0.21627,0.228024,0.209579,0.222309,154542,28257879
2017-08-01,0.220655,0.230065,0.203949,0.217791,168754,27683588
2017-08-02,0.21818,0.226146,0.194737,0.213039,240892,27079554
2017-08-03,0.207243,0.230917,0.207243,0.224696,183411,28561281
2017-08-04,0.218442,0.227037,0.211896,0.21584,106220,27435585
2017-08-05,0.220372,0.235214,0.205902,0.211443,175340,26876677
2017-08-06,0.210617,0.228304,0.200983,0.209744,142668,26660713
2017-08-07,0.206697,0.220921,0.201203,0.206265,136695,26218492
2017-08-08,0.206031,0.210673,0.173454,0.182105,176765,23147492
2017-08-09,0.184492,0.199717,0.180777,0.193937,108012,24651463
2017-08-10,0.190191,0.191797,0.169668,0.172028,107766,21866592
2017-08-11,0.18353,0.192792,0.172435,0.185651,137634,23598216
2017-08-12,0.186681,0.196695,0.172854,0.178678,106569,22711872
2017-08-13,0.177141,0.190793,0.157471,0.167515,154653,21292933
2017-08-14,0.166798,0.2455,0.160475,0.191978,374031,24402435
2017-08-15,0.205039,0.205039,0.146583,0.176913,210820,22487511
2017-08-16,0.171809,0.337072,0.171809,0.24028,1763130,30542114
2017-08-17,0.240482,0.285694,0.199718,0.200238,570016,25452347
2017-08-18,0.201024,0.205915,0.160231,0.167344,152540,21271171
2017-08-19,0.168404,0.17918,0.15986,0.17059,111200,21683770
2017-08-20,0.16823,0.197117,0.163848,0.177328,177855,22540236
2017-08-21,0.175936,0.179949,0.161315,0.161889,151523,20577774
2017-08-22,0.162643,0.176959,0.129595,0.162546,96134,20661272
2017-08-23,0.162214,0.173393,0.15259,0.16663,186675,21180383
2017-08-24,0.166657,0.203849,0.163841,0.179584,165960,22826966
2017-08-25,0.180289,0.19119,0.175533,0.178996,209869,22752222
2017-08-26,0.17905,0.182456,0.172015,0.179276,74211,22787811
2017-08-27,0.179236,0.183053,0.176958,0.181904,99477,23121855
2017-08-28,0.181714,0.197846,0.173461,0.187245,200317,23800747
2017-08-29,0.189484,0.196479,0.181969,0.190356,141318,24196182
2017-08-30,0.191356,0.196222,0.18373,0.186918,107252,23759173
2017-08-31,0.186574,0.197745,0.177104,0.189021,134019,24026481
2017-09-01,0.190863,0.210398,0.185722,0.194105,173474,24672706
2017-09-02,0.197379,0.204622,0.179437,0.189931,95463,24142146
2017-09-03,0.193009,0.208919,0.182317,0.191185,126388,24301538
2017-09-04,0.190977,0.192962,0.164417,0.170291,87043,21645695
2017-09-05,0.170117,0.202245,0.158454,0.191587,606117,24352627
2017-09-06,0.191261,0.209075,0.186803,0.188601,225939,23973072
2017-09-07,0.189011,0.195102,0.175988,0.186555,166320,23713001
2017-09-08,0.187425,0.195463,0.161699,0.168469,174386,21414089
2017-09-09,0.168988,0.177789,0.163579,0.172731,91377,21955830
2017-09-10,0.173595,0.174256,0.158351,0.170411,72089,21660933
2017-09-11,0.170713,0.177154,0.163602,0.168156,140266,21374296
2017-09-12,0.16809,0.193798,0.166237,0.168377,160691,21402385
2017-09-13,0.166431,0.168701,0.149548,0.155775,109257,19800545
2017-09-14,0.156245,0.161969,0.135381,0.135381,108202,17208263
2017-09-15,0.135731,0.169361,0.131038,0.164083,151173,20856569
2017-09-16,0.164732,0.184458,0.163854,0.176773,62288,22469591
2017-09-17,0.177078,0.21826,0.172936,0.198578,120172,25241220
2017-09-18,0.198134,0.220132,0.190209,0.195393,85639,24836373
2017-09-19,0.194643,0.197067,0.178093,0.182935,71139,23252834
2017-09-20,0.183869,0.19484,0.169895,0.180499,109403,22943190
2017-09-21,0.178447,0.181221,0.158285,0.161709,101072,20554790
2017-09-22,0.160872,0.176163,0.154298,0.174263,90621,22150523
2017-09-23,0.174202,0.196427,0.171648,0.18696,157523,23764434
2017-09-24,0.185573,0.188753,0.175705,0.177728,110584,22590955
2017-09-25,0.177587,0.189684,0.174977,0.183788,132161,23361237
2017-09-26,0.186092,0.188644,0.179855,0.181503,85269,23070787
2017-09-27,0.181324,0.200831,0.179974,0.195629,163450,24866336
2017-09-28,0.195651,0.197368,0.182205,0.18469,161257,23475881
2017-09-29,0.186288,0.193252,0.17559,0.188253,115204,23928770
2017-09-30,0.187878,0.193262,0.185421,0.187151,109949,23788693
2017-10-01,0.187252,0.189154,0.173332,0.182103,129390,23147042
2017-10-02,0.18172,0.190552,0.174578,0.177896,124946,22612290
2017-10-03,0.176924,0.181709,0.165769,0.167806,118785,21329747
2017-10-04,0.168195,0.170514,0.161065,0.162232,96737,20621236
2017-10-05,0.162899,0.17417,0.157882,0.170817,104385,21712467
2017-10-06,0.170047,0.176065,0.162425,0.165096,113889,20985268
2017-10-07,0.164823,0.169619,0.15582,0.166269,104827,21134366
2017-10-08,0.1695,0.169722,0.152893,0.15335,87663,19492237
2017-10-09,0.153255,0.174772,0.152032,0.161943,96379,20584485
2017-10-10,0.161819,0.167461,0.155289,0.155889,108206,19814962
2017-10-11,0.155893,0.164704,0.150661,0.158459,93264,20141630
2017-10-12,0.159061,0.178166,0.158206,0.169194,165532,21506146
2017-10-13,0.169721,0.207064,0.157065,0.1623,96059,20629852
2017-10-14,0.161234,0.17385,0.154224,0.154563,96669,19646405
2017-10-15,0.154645,0.164262,0.144653,0.155515,72603,19767412
2017-10-16,0.154421,0.159586,0.143881,0.146963,135662,18680369
2017-10-17,0.146987,0.154393,0.140874,0.15267,84921,19405779
2017-10-18,0.151026,0.196401,0.143514,0.18527,203351,23549538
2017-10-19,0.184474,0.207074,0.170843,0.192999,239891,24531961
2017-10-20,0.187438,0.208423,0.181817,0.200009,153846,25422980
2017-10-21,0.194939,0.208136,0.190424,0.192642,67058,24486562
2017-10-22,0.192342,0.194637,0.176509,0.179265,108602,22786220
2017-10-23,0.179379,0.193832,0.169945,0.180823,158050,22984249
2017-10-24,0.180518,0.196703,0.173349,0.184998,155662,23514924
2017-10-25,0.185244,0.195527,0.180091,0.195179,75511,24809017
2017-10-26,0.194775,0.198496,0.188918,0.192388,89732,24454253
2017-10-27,0.19235,0.197236,0.183067,0.190317,83449,24191007
2017-10-28,0.188068,0.194001,0.182236,0.192522,84203,24471280
2017-10-29,0.191966,0.20972,0.190447,0.202388,91694,25725331
2017-10-30,0.200991,0.205996,0.195692,0.203707,92733,25892984
2017-10-31,0.20355,0.216029,0.202492,0.212429,100606,27001624
2017-11-01,0.212149,0.212149,0.185805,0.186496,119922,23705305
2017-11-02,0.188621,0.195526,0.154242,0.182336,159687,23176529
2017-11-03,0.182132,0.193855,0.160044,0.168018,91208,21356579
2017-11-04,0.166877,0.199197,0.161941,0.194908,117684,24774534
2017-11-05,0.193902,0.201988,0.179099,0.181277,61876,23041911
2017-11-06,0.182411,0.18761,0.168689,0.178128,96967,22641640
2017-11-07,0.178026,0.195654,0.176905,0.179953,68018,22873607
2017-11-08,0.180735,0.190097,0.173568,0.185258,165654,23547913
2017-11-09,0.182844,0.20144,0.177,0.184146,274383,23406563
2017-11-10,0.186496,0.193047,0.159621,0.162215,104840,20618936
2017-11-11,0.164751,0.177618,0.154064,0.16386,60986,20828028
2017-11-12,0.162213,0.168997,0.139377,0.158428,108836,20137572
2017-11-13,0.15732,0.179723,0.152645,0.167354,78874,21272141
2017-11-14,0.168326,0.173456,0.164345,0.167298,65778,21265019
2017-11-15,0.167378,0.179863,0.167378,0.175428,79503,22298408
2017-11-16,0.176535,0.180211,0.157384,0.16348,98037,20779710
2017-11-17,0.162869,0.172738,0.154577,0.167023,105531,21230051
2017-11-18,0.166641,0.188574,0.156081,0.170101,162352,21621288
2017-11-19,0.16963,0.175113,0.149923,0.167936,145565,21346095
2017-11-20,0.163733,0.183395,0.1612,0.169087,112937,21492389
2017-11-21,0.170167,0.176684,0.159469,0.16724,85483,21257612
2017-11-22,0.167838,0.187229,0.165609,0.175699,122146,22332811
2017-11-23,0.17517,0.199622,0.164533,0.165316,206509,21013042
2017-11-24,0.16412,0.199318,0.16367,0.174884,478381,22229209
2017-11-25,0.174389,0.191485,0.171427,0.180741,221370,22973679
2017-11-26,0.180715,0.220145,0.180715,0.202366,741662,25722392
2017-11-27,0.202716,0.213455,0.193162,0.206673,225923,26269840
2017-11-28,0.202375,0.207944,0.189028,0.192432,230662,24459685
2017-11-29,0.19147,0.274428,0.166594,0.166594,2054110,21175454
2017-11-30,0.170126,0.201701,0.164659,0.190459,160730,24208883
2017-12-01,0.189508,0.203334,0.177817,0.201097,149077,25561049
2017-12-02,0.200582,0.213887,0.191664,0.199785,196652,25394279
2017-12-03,0.199895,0.210488,0.188332,0.196411,165923,24965412
2017-12-04,0.196741,0.252787,0.193638,0.228989,744692,29106326
2017-12-05,0.229125,0.252958,0.218961,0.232553,473888,29559334
2017-12-06,0.232417,0.276716,0.215995,0.248877,1125220,31634242
2017-12-07,0.248874,0.252967,0.185294,0.191122,457368,24293120
2017-12-08,0.192182,0.219065,0.165952,0.219065,232525,27844887
2017-12-09,0.218638,0.318417,0.178853,0.221283,1797370,28126811
2017-12-10,0.220869,0.220869,0.158753,0.187183,443090,23792426
2017-12-11,0.182635,0.22289,0.180949,0.203466,455535,25862115
2017-12-12,0.205796,0.242135,0.197982,0.216755,1205140,27551237
2017-12-13,0.217102,0.224644,0.200845,0.224644,419438,28553984
2017-12-14,0.225673,0.246289,0.209391,0.240816,1464440,30609559
2017-12-15,0.24101,0.271475,0.211796,0.262387,1074060,33351390
2017-12-16,0.234636,0.271112,0.178796,0.195141,3033990,24803892
2017-12-17,0.189774,0.189774,0.132908,0.16871,1250970,21444290
2017-12-18,0.169133,0.171262,0.149369,0.165279,576133,21008168
2017-12-19,0.164295,0.173248,0.150579,0.156425,490565,19882742
2017-12-20,0.156354,0.167232,0.142002,0.154861,399348,19683935
2017-12-21,0.154184,0.170064,0.142837,0.147506,558488,18749052
2017-12-22,0.148528,0.176499,0.116684,0.144486,582487,18365180
2017-12-23,0.145786,0.170639,0.132141,0.153983,942976,19572300
2017-12-24,0.155576,0.159405,0.130943,0.152759,448481,19416715
2017-12-25,0.154368,0.160034,0.124018,0.155274,370983,19736380
2017-12-26,0.155178,0.181834,0.152555,0.175263,250659,22277106
2017-12-27,0.175392,0.183552,0.151169,0.156685,311285,19915710
2017-12-28,0.157495,0.158605,0.130088,0.146859,338574,18666755
2017-12-29,0.148644,0.166297,0.140065,0.164605,490657,20922385
2017-12-30,0.164199,0.164479,0.130565,0.130569,271142,16596182
2017-12-31,0.129124,0.157303,0.128855,0.151977,279970,19317277
2018-01-01,0.152583,0.15899,0.139616,0.147631,113765,18764871
2018-01-02,0.154243,0.163335,0.14496,0.155271,302142,19735962
2018-01-03,0.154675,0.163414,0.141081,0.144296,189882,18340964
2018-01-04,0.146266,0.154485,0.139493,0.14374,336493,18270287
2018-01-05,0.14376,0.164243,0.14237,0.153014,295163,19449066
2018-01-06,0.153578,0.153578,0.121916,0.146089,175566,18568851
2018-01-07,0.145993,0.153762,0.127916,0.140914,238341,17911072
2018-01-08,0.140232,0.1519,0.130192,0.148269,345878,18845935
2018-01-09,0.144525,0.152334,0.131194,0.136096,292166,17298667
2018-01-10,0.136265,0.14257,0.126107,0.140198,257030,17820053
2018-01-11,0.142766,0.243639,0.1244,0.241601,360070,30709010
2018-01-12,0.243288,0.275078,0.181531,0.222221,724391,28245677
2018-01-13,0.221992,0.263645,0.204917,0.234767,414214,29840345
2018-01-14,0.231512,0.241799,0.206672,0.218763,205893,27806132
2018-01-15,0.218051,0.248821,0.211786,0.214233,202788,27230334
2018-01-16,0.21496,0.215684,0.168968,0.19348,208345,24592496
2018-01-17,0.190986,0.198647,0.140589,0.185109,112015,23528485
2018-01-18,0.189272,0.20262,0.178546,0.191296,111913,24314882
2018-01-19,0.189601,0.213117,0.18234,0.195457,176479,24843738
2018-01-20,0.197004,0.222612,0.194174,0.213994,151061,27199878
2018-01-21,0.214847,0.214847,0.165973,0.181085,106870,23016952
2018-01-22,0.182532,0.184223,0.136118,0.167612,140562,21304452
2018-01-23,0.169267,0.171856,0.13113,0.146362,134807,18603448
2018-01-24,0.146671,0.163611,0.135085,0.153364,78478,19493438
2018-01-25,0.156817,0.164665,0.130462,0.162835,135291,20697251
2018-01-26,0.160532,0.174476,0.12622,0.138686,79157,17627774
2018-01-27,0.137343,0.151279,0.135022,0.147483,62929,18745921
2018-01-28,0.148362,0.154054,0.119167,0.123322,88278,15674920
2018-01-29,0.123083,0.147798,0.121568,0.133166,81087,16926144
2018-01-30,0.133668,0.140392,0.117701,0.127552,159241,16212570
2018-01-31,0.128004,0.160664,0.116077,0.118548,195783,15068107
2018-02-01,0.119334,0.144715,0.110427,0.125424,317318,15942081
2018-02-02,0.124655,0.15276,0.107027,0.146939,141592,18676752
2018-02-03,0.152492,0.162544,0.130794,0.146616,68238,18635693
2018-02-04,0.146814,0.151468,0.125655,0.129971,73353,16520021
2018-02-05,0.128458,0.141942,0.115343,0.12147,138974,15439495
2018-02-06,0.121783,0.147297,0.103774,0.128527,116829,16336474
2018-02-07,0.129008,0.144056,0.119463,0.124876,53669,15872409
2018-02-08,0.124425,0.140605,0.12408,0.126541,63041,16084038
2018-02-09,0.126818,0.14045,0.116823,0.131892,101696,16765128
2018-02-10,0.131583,0.135504,0.120743,0.124564,59126,15836401
2018-02-11,0.123851,0.135198,0.119447,0.124515,63735,15830170
2018-02-12,0.125198,0.136919,0.121642,0.13075,71810,16622853
2018-02-13,0.13096,0.133121,0.12329,0.12851,112521,16338070
2018-02-14,0.128238,0.13624,0.11758,0.118258,140451,15034683
2018-02-15,0.117483,0.128375,0.108632,0.115521,78741,14686713
2018-02-16,0.116947,0.124553,0.109285,0.117523,90562,14941234
2018-02-17,0.117645,0.124357,0.114896,0.121213,104498,15410360
2018-02-18,0.121372,0.126816,0.111539,0.114672,72564,14578770
2018-02-19,0.115145,0.127698,0.114696,0.1181,83960,15014585
2018-02-20,0.119293,0.12303,0.112056,0.115793,54216,14721284
2018-02-21,0.115571,0.115571,0.103428,0.108064,45830,13738656
2018-02-22,0.107921,0.122397,0.103008,0.111798,47876,14213372
2018-02-23,0.11253,0.114806,0.101074,0.105956,54691,13470651
2018-02-24,0.105697,0.111285,0.099562,0.106061,45315,13483999
2018-02-25,0.106016,0.109082,0.097129,0.100186,86469,12737084
2018-02-26,0.100251,0.117093,0.096177,0.110173,65123,14006771
2018-02-27,0.112262,0.138459,0.111924,0.117577,68921,14948071
2018-02-28,0.116996,0.121862,0.107876,0.109165,32785,13878616
2018-03-01,0.110577,0.119562,0.10552,0.117335,29608,14917302
2018-03-02,0.115103,0.129058,0.110995,0.116957,35370,14869245
2018-03-03,0.116508,0.121721,0.108526,0.111861,36222,14221367
2018-03-04,0.111727,0.113895,0.106649,0.108822,26971,13835004
2018-03-05,0.108656,0.120047,0.106514,0.11591,34914,14736130
2018-03-06,0.115722,0.119588,0.107921,0.108605,23896,13807413
2018-03-07,0.108699,0.112098,0.099196,0.102252,67071,12999727
2018-03-08,0.102114,0.109179,0.095415,0.095415,35095,12130484
2018-03-09,0.095812,0.107098,0.087643,0.106683,32808,13563056
2018-03-10,0.106094,0.107893,0.089865,0.091202,32652,11594942
2018-03-11,0.091447,0.105033,0.089,0.102525,30662,13034430
2018-03-12,0.102206,0.104762,0.089368,0.094051,21859,11957107
2018-03-13,0.094085,0.09588,0.086889,0.09136,5258,11614988
2018-03-14,0.09138,0.092943,0.075249,0.086591,50791,11008697
2018-03-15,0.086527,0.087117,0.073145,0.082707,40483,10514818
2018-03-16,0.082287,0.098184,0.078671,0.085105,38797,10819759
2018-03-17,0.086529,0.089878,0.08307,0.084048,20128,10685363
2018-03-18,0.083239,0.091824,0.076623,0.090679,97928,11528413
2018-03-19,0.090389,0.096834,0.088903,0.095546,52046,12147122
2018-03-20,0.096304,0.098671,0.091512,0.097428,51615,12386344
2018-03-21,0.097616,0.102023,0.095564,0.098894,30365,12572835
2018-03-22,0.098795,0.102755,0.093608,0.097235,150015,12361842
2018-03-23,0.097195,0.117271,0.092191,0.111778,181032,14210773
2018-03-24,0.114249,0.120301,0.108386,0.108415,122983,13783220
2018-03-25,0.106897,0.113315,0.105872,0.106487,72960,13538104
2018-03-26,0.106442,0.106928,0.090497,0.097494,121721,12394775
2018-03-27,0.097194,0.097668,0.085954,0.0896,81345,11391230
2018-03-28,0.08975,0.096673,0.086948,0.089602,73998,11391457
2018-03-29,0.089702,0.08985,0.07475,0.079905,75836,10158637
2018-03-30,0.07953,0.091028,0.074284,0.085336,93897,10849061
2018-03-31,0.086818,0.087014,0.079694,0.081592,58579,10373072
2018-04-01,0.082004,0.083195,0.074777,0.080004,53998,10171208
2018-04-02,0.080385,0.084859,0.079858,0.083836,35414,10658347
2018-04-03,0.084198,0.08932,0.082961,0.085853,62004,10914838
2018-04-04,0.085057,0.090029,0.078545,0.081414,95624,10350490
2018-04-05,0.081493,0.086515,0.076023,0.083862,56672,10661662
2018-04-06,0.083461,0.084401,0.078753,0.08195,49457,10418658
2018-04-07,0.082021,0.086266,0.081689,0.082007,69337,10425867
2018-04-08,0.082153,0.084956,0.079253,0.084305,47270,10717982
2018-04-09,0.084275,0.087554,0.07597,0.080517,73399,10236386
2018-04-10,0.080523,0.080624,0.075067,0.077517,49302,9855074
2018-04-11,0.077825,0.081762,0.077667,0.080316,51997,10210869
2018-04-12,0.079975,0.094732,0.079509,0.081866,91498,10407888
2018-04-13,0.081985,0.085281,0.071898,0.077452,81952,9846719
2018-04-14,0.077452,0.083686,0.075977,0.079524,42974,10110178
2018-04-15,0.079607,0.084391,0.074986,0.07913,60255,10060112
2018-04-16,0.0791,0.082385,0.074676,0.077816,47478,9893057
2018-04-17,0.077854,0.07814,0.067379,0.069696,82306,8860656
2018-04-18,0.069758,0.077703,0.067151,0.076611,42122,9739860
2018-04-19,0.076668,0.083315,0.074746,0.080306,66367,10209628
2018-04-20,0.080358,0.083897,0.071254,0.074412,68106,9460211
2018-04-21,0.074437,0.078269,0.070879,0.077323,36500,9830310
2018-04-22,0.077323,0.080089,0.07194,0.073903,39311,9395589
2018-04-23,0.07375,0.076585,0.07014,0.076343,41220,9705820
2018-04-24,0.076407,0.081469,0.073675,0.079636,42391,10124418
2018-04-25,0.079098,0.079459,0.063271,0.066504,27456,8454888
2018-04-26,0.067068,0.073938,0.065446,0.073773,26969,9378970
2018-04-27,0.073875,0.074425,0.065685,0.065685,14582,8350752
2018-04-28,0.065392,0.071297,0.064191,0.06793,18137,8636141
2018-04-29,0.067907,0.074536,0.067907,0.074477,18652,9468471
2018-04-30,0.074452,0.076415,0.059662,0.067724,13593,8609951
2018-05-01,0.067825,0.068219,0.058279,0.066167,18533,8412016
2018-05-02,0.06606,0.068192,0.062788,0.067928,52410,8635974
2018-05-03,0.06793,0.074081,0.066817,0.072145,75590,9172108
2018-05-04,0.072106,0.073408,0.060204,0.061911,47915,7870922
2018-05-05,0.061889,0.068039,0.054511,0.060717,16901,7719124
2018-05-06,0.060754,0.062688,0.048735,0.054903,15571,6980021
2018-05-07,0.054982,0.058568,0.030334,0.051192,55098,6508241
2018-05-08,0.051318,0.052707,0.039381,0.048166,32376,6123458
2018-05-09,0.047856,0.047877,0.041806,0.046973,31954,5971838
2018-05-10,0.046965,0.06226,0.044491,0.054167,39164,6886486
2018-05-11,0.054164,0.05831,0.049286,0.053225,18217,6766636
2018-05-12,0.053073,0.053868,0.049479,0.052951,7996,6731878
2018-05-13,0.052931,0.057183,0.050643,0.055761,14194,7089122
2018-05-14,0.055751,0.058833,0.052152,0.055987,37518,7117879
2018-05-15,0.055389,0.058256,0.054624,0.056642,17189,7201113
2018-05-16,0.056614,0.062748,0.054275,0.062047,37869,7888205
2018-05-17,0.061778,0.064302,0.058939,0.059265,32020,7534532
2018-05-18,0.059312,0.064415,0.057581,0.062829,24027,7987597
2018-05-19,0.06282,0.06616,0.056633,0.063599,19805,8085515
2018-05-20,0.063648,0.064641,0.062098,0.062782,18313,7981685
2018-05-21,0.06286,0.063516,0.058318,0.059388,13680,7550129
2018-05-22,0.059375,0.061929,0.058046,0.05869,18551,7461426
2018-05-23,0.058616,0.058727,0.051013,0.051867,15725,6593958
2018-05-24,0.051733,0.053151,0.048675,0.049561,12832,6300814
2018-05-25,0.049654,0.051629,0.047008,0.048749,7940,6197594
2018-05-26,0.048688,0.054533,0.046919,0.051819,26885,6587880
2018-05-27,0.051853,0.057764,0.051028,0.052162,18890,6631589
2018-05-28,0.052174,0.05406,0.040642,0.043252,29214,5498767
2018-05-29,0.043232,0.051548,0.043126,0.047104,9914,5988433
2018-05-30,0.047135,0.05037,0.043815,0.044224,5359,5622302
2018-05-31,0.046199,0.052326,0.043448,0.047864,22621,6085054
2018-06-01,0.047904,0.049801,0.046568,0.049267,8354,6263447
2018-06-02,0.049246,0.055122,0.047943,0.052832,23368,6716639
2018-06-03,0.052846,0.054961,0.052485,0.054917,5858,6981737
2018-06-04,0.055007,0.055007,0.050658,0.05267,24193,6696145
2018-06-05,0.05266,0.05266,0.048316,0.051567,7555,6555917
2018-06-06,0.051551,0.056277,0.051293,0.055548,14176,7061970
2018-06-07,0.055592,0.055928,0.052709,0.053473,6039,6798258
2018-06-08,0.053518,0.054458,0.052124,0.053226,7251,6766754
2018-06-09,0.05322,0.055249,0.053121,0.05344,11954,6793960
2018-06-10,0.053507,0.053507,0.046276,0.048223,12861,6130782
2018-06-11,0.048292,0.049459,0.047348,0.04925,3021,6261271
2018-06-12,0.049231,0.04948,0.045761,0.046119,20102,5863293
2018-06-13,0.046239,0.046799,0.042615,0.044625,23513,5673368
2018-06-14,0.044644,0.047913,0.042947,0.045584,14502,5795238
2018-06-15,0.045518,0.049649,0.039935,0.040061,5189,5093018
2018-06-16,0.039915,0.048204,0.039845,0.043716,29469,5557740
2018-06-17,0.043755,0.046538,0.041593,0.045009,4548,5722111
2018-06-18,0.044857,0.049767,0.040282,0.044688,12009,5681314
2018-06-19,0.044664,0.046045,0.0428,0.045437,6206,5776535
2018-06-20,0.045465,0.04856,0.042619,0.047922,10533,6092460
2018-06-21,0.047932,0.049195,0.046526,0.048,10245,6102384
2018-06-22,0.047955,0.048293,0.041873,0.042532,11750,5407258
2018-06-23,0.042538,0.044551,0.041021,0.04429,6121,5630707
2018-06-24,0.044284,0.044593,0.037726,0.040556,11725,5156018
2018-06-25,0.040473,0.043759,0.040219,0.040279,7725,5120789
2018-06-26,0.040279,0.043116,0.039996,0.042029,7068,5343285
2018-06-27,0.042004,0.042642,0.040173,0.042171,7225,5361286
2018-06-28,0.042202,0.046104,0.039603,0.042594,7559,5415064
2018-06-29,0.04262,0.044693,0.040069,0.043711,8956,5557096
2018-06-30,0.043767,0.049822,0.043144,0.045476,6377,5781550
2018-07-01,0.045487,0.047605,0.043355,0.047423,3936,6029039
2018-07-02,0.04743,0.04944,0.044974,0.047169,12756,5996748
2018-07-03,0.046952,0.052396,0.046451,0.046683,3790,5934897
2018-07-04,0.046662,0.049065,0.045235,0.046214,7808,5875335
2018-07-05,0.046261,0.047311,0.04595,0.046627,4317,5927765
2018-07-06,0.046619,0.046805,0.045415,0.045668,9216,5805882
2018-07-07,0.045599,0.049287,0.044861,0.048849,4186,6210266
2018-07-08,0.048794,0.052245,0.048499,0.052167,2772,6632093
2018-07-09,0.052155,0.052274,0.046155,0.04767,4235,6060402
2018-07-10,0.047636,0.047641,0.035684,0.040213,10020,5112346
2018-07-11,0.040214,0.042265,0.038238,0.041433,15037,5267486
2018-07-12,0.041427,0.041427,0.03669,0.038183,13144,4854342
2018-07-13,0.038224,0.039773,0.037494,0.038448,12048,4888006
2018-07-14,0.038358,0.039813,0.036911,0.039224,11707,4986611
2018-07-15,0.039214,0.040849,0.038066,0.040693,4435,5173369
2018-07-16,0.040738,0.041376,0.032302,0.040975,11075,5209284
2018-07-17,0.04039,0.046854,0.038256,0.044167,16763,5615028
2018-07-18,0.044144,0.04479,0.041235,0.041304,19151,5251161
2018-07-19,0.04262,0.043923,0.040308,0.041917,10210,5329054
2018-07-20,0.04204,0.04204,0.035385,0.039201,14859,4983786
2018-07-21,0.039192,0.041847,0.036164,0.041706,4641,5302228
2018-07-22,0.041695,0.049147,0.033318,0.036128,2002,4592992
2018-07-23,0.036126,0.042625,0.034555,0.03846,10325,4889504
2018-07-24,0.038514,0.039503,0.034024,0.034736,18298,4416073
2018-07-25,0.034092,0.034828,0.032694,0.033193,8682,4219856
2018-07-26,0.03319,0.036734,0.033167,0.035831,9135,4134035
2018-07-27,0.035811,0.038243,0.035043,0.036899,18066,4257246
2018-07-28,0.037002,0.037279,0.034968,0.035136,5189,4053826
2018-07-29,0.035276,0.037757,0.034498,0.035861,7706,4137543
2018-07-30,0.035882,0.0382,0.034614,0.035915,11494,4143714
2018-07-31,0.035847,0.038188,0.033538,0.034105,19237,3934922
2018-08-01,0.034135,0.036133,0.03242,0.035955,3024,4148356
2018-08-02,0.035975,0.036354,0.03167,0.033107,5825,3819753
2018-08-03,0.033106,0.033807,0.031075,0.033402,8202,3853777
2018-08-04,0.033442,0.03424,0.030603,0.032265,5841,3722641
2018-08-05,0.03228,0.033146,0.031349,0.031349,5971,3616921
2018-08-06,0.031252,0.033962,0.030889,0.03296,10212,3802862
2018-08-07,0.032759,0.034366,0.029715,0.029775,3104,3435365
2018-08-08,0.029848,0.035764,0.028395,0.032901,13907,3795985
2018-08-09,0.031724,0.036314,0.031648,0.036005,8545,4154078
2018-08-10,0.035508,0.037348,0.02966,0.032505,4484,3750273
2018-08-11,0.032667,0.036974,0.030677,0.035248,4709,4066761
2018-08-12,0.035142,0.041177,0.030676,0.039165,4673,4518760
2018-08-13,0.039152,0.040827,0.030934,0.035199,6198,4061108
2018-08-14,0.03517,0.035285,0.031403,0.035208,11587,4062181
2018-08-15,0.035207,0.036743,0.031703,0.031825,4705,3671839
2018-08-16,0.031781,0.042352,0.031579,0.034683,5368,4001608
2018-08-17,0.034686,0.040953,0.034013,0.036665,6137,4230260
2018-08-18,0.037079,0.038464,0.035708,0.037318,3274,4305578
2018-08-19,0.037331,0.037331,0.03504,0.03618,6498,4174303
2018-08-20,0.036122,0.037417,0.033469,0.034929,7803,4030025
2018-08-21,0.034878,0.037321,0.033573,0.035527,4473,4098973
2018-08-22,0.035534,0.037935,0.035351,0.037187,3642,4290520
2018-08-23,0.037199,0.037788,0.03518,0.037047,4653,4274378
2018-08-24,0.037077,0.039684,0.036723,0.039574,5196,4499643
2018-08-25,0.039503,0.040045,0.035937,0.03623,5909,4119360
2018-08-26,0.036307,0.037607,0.035535,0.036101,5944,4104750
2018-08-27,0.036316,0.039501,0.035193,0.039302,3652,4468660
2018-08-28,0.039225,0.039481,0.035521,0.038531,8902,4379190
2018-08-29,0.038565,0.040393,0.037306,0.040135,6041,4561490
2018-08-30,0.040157,0.040706,0.03511,0.037767,9490,4292347
2018-08-31,0.037804,0.038396,0.037016,0.037344,6105,4244238
2018-09-01,0.0373,0.043822,0.0373,0.042495,4705,4829757
2018-09-02,0.042515,0.04259,0.039547,0.041554,4232,4722707
2018-09-03,0.041544,0.042583,0.033428,0.033607,15860,3819583
2018-09-04,0.033607,0.03944,0.033607,0.039394,5510,4477249
2018-09-05,0.039426,0.042162,0.030637,0.036366,14229,4133106
2018-09-06,0.036429,0.036429,0.032051,0.035486,6817,4033068
2018-09-07,0.035447,0.035659,0.032129,0.035123,9614,3991880
2018-09-08,0.035166,0.035496,0.031963,0.033545,11551,3812456
2018-09-09,0.033524,0.037005,0.032918,0.036713,2557,4172577
2018-09-10,0.036696,0.037179,0.03121,0.036145,4759,4108045
2018-09-11,0.036205,0.037635,0.032956,0.036998,4925,4204979
2018-09-12,0.037003,0.037184,0.033718,0.036445,9772,4142140
2018-09-13,0.036477,0.037333,0.035603,0.036401,8232,4137060
2018-09-14,0.036377,0.03811,0.03506,0.03667,6830,4167621
2018-09-15,0.03662,0.038534,0.036309,0.038454,3504,4370458
2018-09-16,0.038552,0.039598,0.035469,0.035585,2159,4044341
2018-09-17,0.037037,0.039259,0.035347,0.035548,14366,4040204
2018-09-18,0.035557,0.040494,0.03528,0.036957,9798,4200228
2018-09-19,0.036952,0.037515,0.035487,0.036601,7182,4159856
2018-09-20,0.036617,0.038089,0.036148,0.038089,8367,4328972
2018-09-21,0.0381,0.039785,0.036924,0.039299,8800,4466458
2018-09-22,0.039335,0.039531,0.037261,0.037778,8986,4293546
2018-09-23,0.037796,0.040631,0.036962,0.037856,11826,4302502
2018-09-24,0.037866,0.039193,0.037171,0.037785,8800,4294410
2018-09-25,0.037775,0.037792,0.034419,0.035627,16870,4049123
2018-09-26,0.035574,0.039287,0.035243,0.037487,60974,4209885
2018-09-27,0.036741,0.038749,0.036451,0.037566,4490,4218756
2018-09-28,0.037519,0.039571,0.035982,0.038532,7517,4327240
2018-09-29,0.038463,0.038463,0.036329,0.037578,2336,4220137
2018-09-30,0.037564,0.038492,0.036303,0.03708,2806,4164176
2018-10-01,0.036969,0.038815,0.036241,0.037248,2528,4183020
2018-10-02,0.037142,0.038162,0.036036,0.036069,6214,4050615
2018-10-03,0.036087,0.036853,0.035369,0.036302,4282,4076792
2018-10-04,0.036344,0.037916,0.035422,0.036478,6059,4096546
2018-10-05,0.036572,0.038142,0.036413,0.037988,4999,4266157
2018-10-06,0.038073,0.038327,0.03616,0.038327,3439,4304182
2018-10-07,0.038469,0.038527,0.034419,0.034521,2518,3876792
2018-10-08,0.03468,0.038915,0.034453,0.037905,3060,4256791
2018-10-09,0.038037,0.038835,0.034764,0.036454,8355,4093873
2018-10-10,0.036329,0.038707,0.035912,0.038235,28131,4293906
2018-10-11,0.038107,0.038143,0.03496,0.035162,6304,3948789
2018-10-12,0.035118,0.037742,0.034743,0.035937,7748,4035823
2018-10-13,0.035926,0.036535,0.034634,0.034908,3588,3920297
2018-10-14,0.034916,0.035817,0.033827,0.034209,4074,3841764
2018-10-15,0.034248,0.039774,0.034008,0.036677,4907,4118904
2018-10-16,0.036645,0.038115,0.03612,0.037137,2513,4170597
2018-10-17,0.037265,0.039779,0.036364,0.038254,4563,4296051
2018-10-18,0.038404,0.045798,0.036563,0.041194,47161,4626142
2018-10-19,0.041187,0.042752,0.039791,0.042206,11038,4739893
2018-10-20,0.042209,0.045123,0.040372,0.042,9119,4716747
2018-10-21,0.04201,0.044434,0.040708,0.040937,7146,4597347
2018-10-22,0.040923,0.043175,0.040228,0.041263,5023,4633900
2018-10-23,0.041259,0.048676,0.040271,0.040903,5653,4593471
2018-10-24,0.040718,0.045707,0.040718,0.043244,13785,4856393
2018-10-25,0.043402,0.046872,0.041914,0.045423,3839,5101179
2018-10-26,0.04535,0.048329,0.039572,0.04794,20911,5383800
2018-10-27,0.047761,0.048562,0.046427,0.046733,6992,5248217
2018-10-28,0.046982,0.049119,0.046441,0.047918,5612,5381318
2018-10-29,0.047678,0.048899,0.045421,0.048891,2993,5490588
2018-10-30,0.048898,0.048941,0.043878,0.044215,20217,4457471
2018-10-31,0.044342,0.0461,0.043633,0.043687,12145,4404272
2018-11-01,0.043687,0.046645,0.042523,0.042523,21738,4286874
2018-11-02,0.042523,0.048788,0.04227,0.044322,40712,4468298
2018-11-03,0.044322,0.045613,0.041757,0.045207,3836,4557478
2018-11-04,0.045207,0.046506,0.041706,0.045536,13934,4590645
2018-11-05,0.045536,0.047085,0.040262,0.040573,24707,4090286
2018-11-06,0.040735,0.042506,0.03933,0.041305,10984,4174526
2018-11-07,0.041304,0.046982,0.039573,0.039725,2266,4004776
2018-11-08,0.039697,0.042733,0.038842,0.038842,7710,3915848
2018-11-09,0.038845,0.045139,0.038398,0.039193,3252,3951037
2018-11-10,0.039187,0.047965,0.039187,0.046487,5702,4660946
2018-11-11,0.046463,0.047581,0.039961,0.042346,13397,4245756
2018-11-12,0.042607,0.042694,0.03857,0.039543,5515,3964682
2018-11-13,0.039372,0.042063,0.038109,0.039645,6476,3974902
2018-11-14,0.039528,0.041545,0.034346,0.035786,6108,3535241
2018-11-15,0.035969,0.037902,0.034253,0.03742,5835,3696635
2018-11-16,0.038214,0.040546,0.034759,0.038413,8858,3792806
2018-11-17,0.038479,0.040779,0.034455,0.03543,4907,3496370
2018-11-18,0.035544,0.038859,0.034242,0.034373,5009,3392149
2018-11-19,0.034387,0.03756,0.032881,0.034632,16280,3417627
2018-11-20,0.034431,0.039561,0.031136,0.037415,23254,3692229
2018-11-21,0.037452,0.039951,0.035698,0.038549,18574,3804179
2018-11-22,0.038263,0.042573,0.034907,0.039484,11095,3896410
2018-11-23,0.038045,0.041697,0.03419,0.041062,9760,3934450
2018-11-24,0.040536,0.04276,0.034442,0.036276,10154,3475868
2018-11-25,0.036165,0.040298,0.03286,0.037488,23167,3592011
2018-11-26,0.037378,0.041249,0.037161,0.040663,23233,3896202
2018-11-27,0.040028,0.041948,0.037895,0.041349,9999,3961856
2018-11-28,0.040462,0.045469,0.038997,0.043719,7688,4188968
2018-11-29,0.044045,0.044399,0.039196,0.041118,15283,3935697
2018-11-30,0.041209,0.04151,0.036564,0.037626,8688,3601392
2018-12-01,0.038451,0.045483,0.036367,0.041822,13299,4003017
2018-12-02,0.041484,0.042235,0.037759,0.037867,4367,3624510
2018-12-03,0.038031,0.042248,0.036672,0.037763,17188,3614507
2018-12-04,0.037792,0.041714,0.036471,0.038994,4916,3730155
2018-12-05,0.039087,0.04069,0.035878,0.038408,11132,3674003
2018-12-06,0.0383,0.040154,0.035949,0.035949,6517,3438793
2018-12-07,0.035887,0.040697,0.033628,0.039342,15881,3763323
2018-12-08,0.039292,0.040845,0.036408,0.038323,14137,3665814
2018-12-09,0.037874,0.046249,0.037109,0.040269,8193,3852007
2018-12-10,0.040034,0.044082,0.037081,0.039474,11379,3775897
2018-12-11,0.040514,0.040782,0.036976,0.037013,13059,3540529
2018-12-12,0.037559,0.040939,0.036716,0.040939,5638,3914894
2018-12-13,0.040573,0.042514,0.038148,0.038947,11683,3722626
2018-12-14,0.038926,0.039808,0.035537,0.038006,10444,3632632
2018-12-15,0.038035,0.039714,0.035169,0.03698,9013,3534524
2018-12-16,0.037192,0.03851,0.035182,0.035368,11933,3380430
2018-12-17,0.035158,0.041845,0.03514,0.039477,14365,3773179
2018-12-18,0.039491,0.041712,0.036768,0.041712,7799,3986772
2018-12-19,0.041847,0.044643,0.038159,0.039468,9525,3772239
2018-12-20,0.039995,0.043625,0.03785,0.039004,47997,3727864
2018-12-21,0.038701,0.040878,0.03698,0.037817,11788,3614339
2018-12-22,0.037889,0.039016,0.036703,0.038872,9364,3715186
2018-12-23,0.038222,0.040397,0.037614,0.03858,14527,3687252
2018-12-24,0.038813,0.043239,0.038813,0.042002,11745,4014236
2018-12-25,0.041739,0.042275,0.03756,0.038083,13389,3639632
2018-12-26,0.037503,0.038967,0.034591,0.036704,8459,3507790
2018-12-27,0.035991,0.038736,0.035081,0.035557,11979,3397650
2018-12-28,0.035269,0.039177,0.031377,0.035737,15270,3414801
2018-12-29,0.036597,0.040336,0.033771,0.038438,14547,3672858
2018-12-30,0.038376,0.040014,0.035823,0.038833,12128,3710534
2018-12-31,0.039031,0.039944,0.035983,0.037603,13773,3592907
2019-01-01,0.037515,0.03986,0.035446,0.03805,7276,3635557
2019-01-02,0.037768,0.041138,0.036464,0.038288,12146,3658340
2019-01-03,0.038852,0.04157,0.036871,0.038316,11063,3660976
2019-01-04,0.038051,0.040301,0.036924,0.038738,10878,3701183
2019-01-05,0.038606,0.041524,0.037765,0.038882,10255,3714925
2019-01-06,0.039158,0.042411,0.03679,0.040694,7129,3887981
2019-01-07,0.040456,0.043583,0.038234,0.038325,6387,3661613
2019-01-08,0.039277,0.042825,0.03434,0.04185,10856,3998374
2019-01-09,0.041972,0.043876,0.040399,0.043686,14235,4173685
2019-01-10,0.043717,0.044496,0.039405,0.039846,13746,3806829
2019-01-11,0.039734,0.040913,0.036991,0.039302,8374,3754843
2019-01-12,0.039265,0.041645,0.037473,0.039693,13223,3792087
2019-01-13,0.039657,0.04187,0.037377,0.04187,3067,4000035
2019-01-14,0.041891,0.046436,0.035633,0.041004,9932,3917222
2019-01-15,0.040066,0.042672,0.036649,0.038065,9576,3636514
2019-01-16,0.037924,0.040912,0.036671,0.039417,13440,3765621
2019-01-17,0.039077,0.043081,0.038308,0.042046,11881,4016782
2019-01-18,0.042239,0.042858,0.038159,0.038214,7855,3455507
2019-01-19,0.038215,0.043071,0.037433,0.039815,10520,3600222
2019-01-20,0.040344,0.043039,0.035562,0.039253,6074,3549277
2019-01-21,0.039213,0.041392,0.035699,0.038416,12893,3473587
2019-01-22,0.03918,0.041448,0.037577,0.039115,6989,3536584
2019-01-23,0.039115,0.041407,0.037201,0.040327,11183,3646157
2019-01-24,0.040113,0.041867,0.037979,0.040448,13356,3657092
2019-01-25,0.040401,0.042192,0.039564,0.040988,12253,3705647
2019-01-26,0.040521,0.042329,0.03889,0.040909,6550,3698554
2019-01-27,0.040923,0.041573,0.038454,0.03897,14710,3523252
2019-01-28,0.038417,0.039871,0.037338,0.039703,9594,3589483
2019-01-29,0.040177,0.040366,0.036458,0.03799,18243,3434132
2019-01-30,0.037742,0.041118,0.037586,0.041118,14089,3716872
2019-01-31,0.04113,0.041513,0.038812,0.040674,8616,3656299
2019-02-01,0.040292,0.041637,0.037475,0.039922,2978,3588756
2019-02-02,0.039871,0.041785,0.03739,0.040783,11591,3665961
2019-02-03,0.040459,0.041323,0.039111,0.040132,6678,3607514
2019-02-04,0.040239,0.041209,0.037984,0.039746,7776,3572641
2019-02-05,0.039277,0.041343,0.03856,0.039275,8040,3530315
2019-02-06,0.039541,0.04019,0.038685,0.039827,10723,3579911
2019-02-07,0.039458,0.041798,0.039398,0.041067,11070,3691398
2019-02-08,0.04099,0.046844,0.03884,0.043066,13767,3871111
2019-02-09,0.04289,0.043818,0.04233,0.043337,13745,3895475
2019-02-10,0.042696,0.043864,0.041464,0.042649,14014,3833628
2019-02-11,0.042309,0.043821,0.041894,0.042265,14115,3799070
2019-02-12,0.042914,0.043002,0.040829,0.041733,16201,3730372
2019-02-13,0.042058,0.042872,0.040025,0.041239,10486,3686259
2019-02-14,0.04153,0.042647,0.040716,0.041333,14241,3694668
2019-02-15,0.041518,0.042246,0.040742,0.041239,5056,3686288
2019-02-16,0.040801,0.042051,0.039716,0.042003,5512,3754497
2019-02-17,0.042022,0.042925,0.038098,0.042463,7830,3795613
2019-02-18,0.042516,0.045151,0.042085,0.044964,16394,4019209
2019-02-19,0.044859,0.046082,0.043864,0.04389,6433,3923170
2019-02-20,0.043845,0.045731,0.042638,0.045598,2787,4075921
2019-02-21,0.045581,0.045581,0.041122,0.042682,9737,3815217
2019-02-22,0.042607,0.045015,0.041826,0.042848,10121,3830061
2019-02-23,0.043246,0.045129,0.04175,0.044271,19699,3957235
2019-02-24,0.04461,0.045484,0.037416,0.03973,8651,3551347
2019-02-25,0.039626,0.039845,0.037274,0.037822,11285,3380767
2019-02-26,0.037224,0.038906,0.036783,0.0379,18262,3387760
2019-02-27,0.037936,0.038751,0.036625,0.037682,10281,3368293
2019-02-28,0.037727,0.039336,0.03703,0.038203,7519,3414888
2019-03-01,0.038196,0.03869,0.037027,0.038154,7861,3410465
2019-03-02,0.038101,0.038751,0.036058,0.037902,9385,3387979
2019-03-03,0.038049,0.038382,0.035614,0.035769,10790,3197335
2019-03-04,0.035706,0.037075,0.03377,0.03474,13603,3105309
2019-03-05,0.035154,0.036718,0.033964,0.03551,9245,3095021
2019-03-06,0.035453,0.036416,0.035176,0.036363,10794,3169374
2019-03-07,0.035853,0.036764,0.035489,0.03552,8230,3095941
2019-03-08,0.035663,0.03638,0.035143,0.035642,9425,3106526
2019-03-09,0.035616,0.036471,0.03408,0.034274,6835,2987344
2019-03-10,0.034492,0.035404,0.033978,0.034938,7483,3045223
2019-03-11,0.034963,0.035519,0.033903,0.034748,12092,3028613
2019-03-12,0.033409,0.037304,0.033409,0.036485,11134,3180047
2019-03-13,0.036303,0.037422,0.034766,0.036904,10736,3216575
2019-03-14,0.036401,0.037878,0.035683,0.036399,15406,3172514
2019-03-15,0.036395,0.037738,0.035954,0.036468,6933,3178597
2019-03-16,0.035993,0.038885,0.035993,0.038395,11432,3346518
2019-03-17,0.0384,0.038748,0.036786,0.037068,6815,3230883
2019-03-18,0.037624,0.039138,0.036884,0.038588,10201,3363361
2019-03-19,0.038614,0.039633,0.036936,0.038523,9387,3357689
2019-03-20,0.038075,0.039227,0.036613,0.038075,15248,3318618
2019-03-21,0.037526,0.038876,0.036912,0.037724,12302,3287987
2019-03-22,0.037907,0.03965,0.036297,0.03965,4132,3455935
2019-03-23,0.039625,0.03981,0.035364,0.037044,7044,3228754
2019-03-24,0.037007,0.038792,0.036254,0.038485,8253,3354387
2019-03-25,0.038585,0.038813,0.036507,0.037935,8217,3306388
2019-03-26,0.037982,0.038303,0.036485,0.038303,7693,3338485
2019-03-27,0.038349,0.039344,0.037043,0.037993,13395,3311435
2019-03-28,0.037993,0.038768,0.036959,0.037257,12463,3247360
2019-03-29,0.037257,0.038683,0.036962,0.038298,9837,3320707
2019-03-30,0.038221,0.041478,0.037398,0.03789,12322,3285393
2019-03-31,0.03789,0.038282,0.035187,0.037485,10446,3250242
2019-04-01,0.037264,0.037709,0.033173,0.033816,11837,2932107
2019-04-02,0.033819,0.037567,0.031107,0.033568,19175,2910570
2019-04-03,0.033388,0.03704,0.033128,0.033215,13232,2879960
2019-04-04,0.033232,0.035003,0.032123,0.033369,9214,2893314
2019-04-05,0.033367,0.034492,0.031659,0.033304,7418,2887722
2019-04-06,0.033313,0.035521,0.032007,0.034564,8164,2996921
2019-04-07,0.034529,0.035149,0.032501,0.033475,5975,2902508
2019-04-08,0.033506,0.034624,0.032196,0.033519,10742,2906319
2019-04-09,0.033519,0.03357,0.031159,0.032033,10007,2777508
2019-04-10,0.032024,0.033413,0.030545,0.032164,7710,2788881
2019-04-11,0.032179,0.032839,0.028444,0.031783,11567,2755836
2019-04-12,0.031783,0.03322,0.030036,0.032559,12726,2823119
2019-04-13,0.032555,0.034861,0.032212,0.033863,7517,2936201
2019-04-14,0.033863,0.035436,0.031818,0.035273,11201,3058442
2019-04-15,0.035273,0.035362,0.031968,0.03265,12026,2830973
2019-04-16,0.032649,0.035752,0.031445,0.035597,11528,3086495
2019-04-17,0.035653,0.035919,0.033049,0.034262,11446,2970746
2019-04-18,0.034262,0.03583,0.033472,0.034906,12347,3025460
2019-04-19,0.03441,0.035528,0.033377,0.034444,8513,2985446
2019-04-20,0.034455,0.034455,0.029976,0.030092,4519,2608211
2019-04-21,0.030104,0.034237,0.027296,0.034019,6343,2948540
2019-04-22,0.034002,0.034405,0.027257,0.030338,5651,2629550
2019-04-23,0.030338,0.035543,0.030022,0.033331,19671,2888905
2019-04-24,0.033262,0.033866,0.030348,0.03141,19971,2722416
2019-04-25,0.031413,0.034049,0.030228,0.031332,12655,2715721
2019-04-26,0.031436,0.033749,0.030195,0.032741,7152,2837774
2019-04-27,0.032741,0.0339,0.031914,0.033779,10011,2927749
2019-04-28,0.033785,0.034236,0.031226,0.03186,9156,2761418
2019-04-29,0.031877,0.035856,0.031177,0.033129,11576,2871442
2019-04-30,0.033105,0.037547,0.032749,0.037398,12389,3241431
2019-05-01,0.037391,0.03768,0.033193,0.034258,8117,2969310
2019-05-02,0.034269,0.037798,0.033264,0.036721,9930,3182793
2019-05-03,0.036715,0.040685,0.032336,0.034407,13157,2982208
2019-05-04,0.034407,0.040098,0.03426,0.038731,9932,3356980
2019-05-05,0.038725,0.038796,0.033499,0.036991,6578,3206213
2019-05-06,0.036972,0.037716,0.033416,0.037614,5631,3260157
2019-05-07,0.037603,0.039791,0.030878,0.035822,10894,3103736
2019-05-08,0.035775,0.038086,0.032198,0.032364,10389,2804103
2019-05-09,0.032364,0.035349,0.031522,0.033432,14708,2896654
2019-05-10,0.033418,0.035296,0.031758,0.03426,8620,2968357
2019-05-11,0.03426,0.036545,0.022803,0.032211,21225,2790894
2019-05-12,0.032232,0.033314,0.027442,0.02931,12467,2539481
2019-05-13,0.02931,0.035411,0.028986,0.034547,10597,2993282
2019-05-14,0.034568,0.036508,0.030395,0.031644,13272,2741748
2019-05-15,0.031627,0.035821,0.028354,0.031166,14074,2700285
2019-05-16,0.031122,0.0334,0.029412,0.030575,12174,2649069
2019-05-17,0.030563,0.031137,0.027744,0.03094,13684,2680719
2019-05-18,0.03094,0.03288,0.028585,0.031064,11681,2691500
2019-05-19,0.030826,0.035934,0.03069,0.034839,11978,3018518
2019-05-20,0.034843,0.034899,0.02966,0.030338,10976,2628609
2019-05-21,0.030565,0.033422,0.028206,0.032113,10091,2782372
2019-05-22,0.032107,0.033973,0.02798,0.030425,12481,2636094
2019-05-23,0.030425,0.032736,0.029187,0.030536,9687,2645695
2019-05-24,0.030613,0.032546,0.02981,0.031069,8974,2691878
2019-05-25,0.031069,0.032947,0.030154,0.032121,14326,2783085
2019-05-26,0.032121,0.034827,0.029601,0.034154,12143,2959240
2019-05-27,0.034169,0.035109,0.031712,0.032256,13353,2794791
2019-05-28,0.032239,0.036328,0.03134,0.033796,12531,2928149
